#carID, StartTime, RoadID...
(10000,2,5046,5040,5029,5018,5007)
(10001,253,5030,5041,5052)
(10002,222,5049,5038,5033,5028,5023,5018)
(10003,271,5030,5019,5008)
(10004,233,5040,5034,5028,5017,5011)
(10005,220,5028,5017,5011,5005)
(10006,304,5006,5012,5018,5029,5040,5046,5047,5048,5054)
(10007,315,5009,5020,5031,5042,5047)
(10008,318,5028,5017,5011,5005)
(10009,219,5005,5011,5012,5018,5024,5025,5031,5037)
(10010,291,5016,5027,5038,5049,5055)
(10011,224,5020,5031,5042,5047,5052,5057,5056)
(10012,248,5051,5040,5035,5030,5019)
(10013,320,5053,5042,5031,5020,5009)
(10014,214,5044,5038,5033,5028,5023,5018,5007,5002,5003,5004)
(10015,328,5008,5019,5030)
(10016,213,5049,5038,5027,5016,5005)
(10017,333,5010,5021,5026,5031,5042)
(10018,294,5030,5019,5008)
(10019,185,5028,5017,5006)
(10020,184,5010,5021,5026,5031,5042,5053)
(10021,305,5005,5011,5012,5018,5029,5040,5046,5047,5048,5054)
(10022,182,5048,5047,5046,5040,5034,5028,5017)
(10023,280,5027,5033,5034,5040,5051)
(10024,306,5031,5042,5053)
(10025,181,5031,5042,5048,5054)
(10026,340,5027,5033,5034,5040,5051,5057,5058)
(10027,333,5019,5024,5029,5040,5051)
(10028,381,5047,5046,5040,5029,5018,5007,5002)
(10029,177,5002,5007,5018,5029,5040,5046,5047,5048)
(10030,174,5028,5034,5040,5051)
(10031,326,5027,5033,5034,5040,5051,5057)
(10032,173,5034,5028,5017,5011,5005)
(10033,378,5030,5041,5052,5058)
(10034,376,5007,5018,5029,5040,5051,5057,5058)
(10035,375,5006,5012,5018,5024,5025,5031,5037)
(10036,172,5031,5042,5048,5054)
(10037,373,5032,5021,5010)
(10038,372,5025,5031,5042,5048,5054)
(10039,180,5027,5033,5034,5040,5051)
(10040,383,5031,5042,5048,5054)
(10041,192,5049,5038,5027)
(10042,384,5052,5041,5030)
(10043,311,5031,5020,5009)
(10044,212,5041,5030,5019)
(10045,211,5031,5025,5019,5008)
(10046,210,5007,5018,5029,5040,5051,5056)
(10047,237,5058,5057,5051,5040,5029,5023)
(10048,247,5031,5042,5048,5054)
(10049,209,5046,5040,5034,5028,5017,5011)
(10050,207,5005,5016,5027,5038,5044)
(10051,206,5027,5016,5005)
(10052,238,5030,5024,5023,5017,5011,5005)
(10053,204,5027,5016,5005)
(10054,369,5038,5033,5028,5023,5018,5007,5002,5003,5004)
(10055,249,5031,5042,5053)
(10056,273,5054,5043,5032)
(10057,350,5031,5020,5009)
(10058,201,5032,5043,5054)
(10059,347,5040,5029,5018,5007,5002,5003)
(10060,345,5048,5042,5031,5025,5019)
(10061,341,5011,5012,5018,5029,5040,5046,5047,5048)
(10062,346,5030,5019,5008)
(10063,200,5006,5012,5018,5029,5040,5046,5047,5048,5054)
(10064,355,5055,5049,5038,5027,5016)
(10065,367,5009,5020,5031,5042,5048,5054)
(10066,365,5007,5018,5029,5040,5051)
(10067,363,5040,5029,5018)
(10068,259,5037,5031,5025,5019,5008)
(10069,198,5027,5016,5005)
(10070,358,5030,5024,5023,5017,5011,5005)
(10071,197,5004,5003,5002,5007,5018,5023,5028,5033,5038,5049)
(10072,196,5057,5051,5040,5029,5018)
(10073,325,5006,5017,5028)
(10074,339,5031,5020,5009)
(10075,336,5002,5007,5018,5023,5028,5033,5038,5049,5055)
(10076,355,5019,5030,5041)
(10077,295,5012,5018,5029,5040,5051)
(10078,298,5051,5040,5029,5018,5007)
(10079,360,5011,5012,5018,5029,5040,5046,5047,5048,5054)
(10080,294,5048,5042,5031,5020,5009)
(10081,361,5007,5018,5024,5025,5031)
(10082,364,5040,5029,5018,5007)
(10083,361,5020,5031,5042,5048,5054)
(10084,403,5019,5030,5041)
(10085,344,5010,5021,5026,5031,5042,5047,5052,5057)
(10086,202,5058,5057,5051,5040,5029,5023)
(10087,351,5020,5031,5042,5053)
(10088,368,5032,5043,5054)
(10089,205,5031,5020,5009)
(10090,361,5006,5012,5018,5024,5025,5031)
(10091,356,5057,5051,5040,5029,5018,5007)
(10092,208,5056,5051,5040,5035,5030,5019)
(10093,355,5048,5047,5046,5040,5029,5018,5007,5002)
(10094,353,5018,5029,5040,5051,5057,5058)
(10095,349,5049,5038,5033,5028,5023,5018)
(10096,396,5052,5047,5042,5031,5020)
(10097,194,5053,5042,5031,5020)
(10098,193,5016,5027,5038,5044)
(10099,382,5032,5043,5054)
(10100,375,5005,5011,5012,5018,5024,5030)
(10101,215,5027,5016,5005)
(10102,176,5038,5033,5028,5023,5018,5007,5002)
(10103,178,5057,5051,5040,5029,5018,5007)
(10104,367,5007,5018,5029,5040,5051,5056)
(10105,190,5027,5016,5005)
(10106,376,5031,5025,5024,5018,5007)
(10107,381,5028,5033,5038,5049,5055)
(10108,389,5019,5025,5031,5042)
(10109,186,5044,5038,5033,5028,5017)
(10110,188,5031,5042,5048,5054)
(10111,344,5019,5024,5023,5028,5033,5038,5049)
(10112,189,5006,5012,5018,5024,5030)
(10113,326,5029,5040,5046,5047,5048,5054)
(10114,359,5047,5046,5040,5029,5018,5007)
(10115,360,5031,5042,5053)
(10116,318,5038,5033,5028,5017,5006)
(10117,395,5031,5042,5048,5054)
(10118,409,5032,5021,5010)
(10119,221,5031,5020,5009)
(10120,216,5041,5030,5019)
(10121,307,5031,5042,5048,5054)
(10122,218,5010,5021,5032,5043,5054)
(10123,217,5046,5040,5034,5028,5017,5011,5005)
(10124,223,5019,5024,5029,5040,5051,5057,5058)
(10125,309,5028,5017,5006)
(10126,265,5056,5051,5040,5029,5018,5007,5002)
(10127,399,5048,5042,5031,5020)
(10128,303,5016,5027,5038)
(10129,314,5021,5026,5031,5042,5047,5052)
(10130,308,5012,5018,5029,5040,5051,5057,5058)
(10131,168,5006,5012,5018,5029,5040,5046,5047,5048,5054)
(10132,309,5027,5016,5005)
(10133,296,5058,5057,5051,5040,5029,5018,5007)
(10134,125,5044,5038,5027,5016)
(10135,45,5006,5012,5018,5029,5040,5051,5057)
(10136,46,5018,5029,5040,5046,5047)
(10137,47,5010,5021,5026,5031,5042,5047)
(10138,299,5048,5042,5031,5020)
(10139,401,5054,5048,5042,5031,5025,5019)
(10140,313,5057,5051,5040,5034,5028,5017)
(10141,311,5047,5046,5040,5029,5018,5007,5001)
(10142,49,5049,5038,5033,5028,5023,5024,5025,5026,5021)
(10143,405,5047,5046,5040,5034,5028,5017)
(10144,305,5031,5025,5019,5008)
(10145,50,5017,5028,5033,5038,5049,5055)
(10146,301,5028,5034,5040,5046,5047,5048,5054)
(10147,294,5047,5046,5040,5029,5018,5007,5002)
(10148,398,5004,5003,5002,5007,5018,5023,5028,5033,5038,5049)
(10149,316,5007,5018,5029,5040,5046)
(10150,408,5037,5031,5020,5009)
(10151,330,5030,5024,5018,5007)
(10152,331,5028,5017,5006)
(10153,51,5027,5016,5005)
(10154,402,5003,5002,5007,5018,5023,5028,5033,5038,5044)
(10155,400,5055,5049,5038,5033,5028)
(10156,335,5004,5003,5002,5007,5018,5023,5028,5033,5038)
(10157,336,5004,5003,5002,5007,5018,5023,5028,5033,5038,5049)
(10158,53,5056,5051,5040,5029,5018,5007,5002)
(10159,322,5031,5020,5009)
(10160,321,5047,5046,5040,5029,5018,5007,5002)
(10161,54,5019,5025,5031,5042)
(10162,317,5043,5032,5021)
(10163,394,5029,5018,5007,5001)
(10164,318,5037,5031,5025,5024,5018,5007)
(10165,322,5027,5038,5049,5055)
(10166,55,5048,5047,5046,5040,5034,5028,5017,5011)
(10167,56,5040,5034,5028,5017,5011)
(10168,325,5058,5052,5041,5030,5019)
(10169,58,5019,5025,5031,5042,5048,5054)
(10170,351,5009,5020,5031,5042,5047)
(10171,338,5029,5040,5051)
(10172,59,5057,5051,5040,5029,5018,5007)
(10173,346,5011,5012,5018,5029,5040,5051,5057,5058)
(10174,60,5006,5017,5028,5033,5038,5044)
(10175,63,5054,5048,5047,5046,5040,5029,5018,5007,5002)
(10176,339,5021,5026,5031,5042,5047,5052,5057)
(10177,350,5043,5032,5021)
(10178,82,5021,5026,5031,5042,5053)
(10179,365,5020,5031,5042)
(10180,366,5028,5017,5011,5005)
(10181,390,5031,5042,5053)
(10182,64,5019,5024,5023,5028,5033,5038,5049)
(10183,387,5046,5040,5029,5018)
(10184,306,5055,5049,5038,5033,5028)
(10185,315,5018,5023,5028,5033,5038,5049)
(10186,66,5010,5021,5026,5031,5042,5047,5046)
(10187,380,5010,5021,5026,5031,5042,5047)
(10188,377,5027,5033,5034,5040,5051,5057,5058)
(10189,67,5008,5019,5025,5031)
(10190,369,5028,5017,5006)
(10191,68,5040,5029,5018,5007,5002,5003)
(10192,70,5020,5031,5042,5048,5054)
(10193,338,5030,5041,5052)
(10194,357,5028,5017,5011,5005)
(10195,71,5040,5034,5028,5017,5011,5005)
(10196,382,5046,5040,5029,5018,5007,5001)
(10197,368,5049,5038,5027,5016,5005)
(10198,380,5037,5031,5025,5024,5023,5017,5011,5005)
(10199,370,5034,5028,5017,5011,5005)
(10200,72,5005,5011,5012,5018,5029)
(10201,371,5028,5017,5011,5005)
(10202,372,5040,5034,5028,5017)
(10203,373,5002,5007,5018,5029,5040,5046,5047)
(10204,374,5037,5031,5025,5019,5008)
(10205,74,5046,5040,5034,5028,5017,5011)
(10206,75,5030,5019,5008)
(10207,379,5034,5028,5017,5011,5005)
(10208,391,5029,5040,5046,5047,5048,5054)
(10209,76,5052,5041,5030)
(10210,338,5055,5049,5038,5033,5028,5017,5006)
(10211,384,5049,5038,5033,5028,5023,5018,5007)
(10212,374,5048,5047,5046,5040,5034,5028,5017,5011)
(10213,385,5037,5031,5020,5009)
(10214,386,5057,5051,5040,5029)
(10215,388,5016,5027,5038,5049,5055)
(10216,372,5010,5021,5026,5031,5042,5047,5052,5057)
(10217,378,5028,5017,5011,5005)
(10218,78,5021,5026,5031,5042,5053)
(10219,384,5017,5028,5033,5038,5044)
(10220,397,5012,5018,5029,5040)
(10221,396,5005,5016,5027,5038)
(10222,79,5034,5028,5017,5011,5005)
(10223,80,5030,5041,5052,5058)
(10224,340,5031,5042,5048,5054)
(10225,341,5021,5026,5031,5042,5053)
(10226,342,5037,5031,5020,5009)
(10227,395,5011,5012,5018,5029,5040,5051)
(10228,343,5018,5029,5040,5051)
(10229,345,5046,5040,5034,5028,5017)
(10230,394,5027,5016,5005)
(10231,347,5044,5038,5033,5028,5023,5018,5007,5002,5003)
(10232,348,5054,5048,5042,5031,5020)
(10233,392,5031,5025,5024,5018,5007,5001)
(10234,43,5031,5042,5048,5054)
(10235,363,5025,5031,5042,5048,5054)
(10236,352,5055,5049,5038,5033,5028)
(10237,391,5032,5043,5054)
(10238,390,5016,5027,5038,5049)
(10239,42,5029,5040,5046,5047,5048,5054)
(10240,354,5031,5042,5048,5054)
(10241,389,5047,5042,5031,5020,5009)
(10242,41,5012,5018,5029,5040,5051,5057,5058)
(10243,39,5047,5046,5040,5029,5018)
(10244,3,5040,5029,5018,5007,5002,5003)
(10245,393,5057,5051,5040,5029,5018)
(10246,358,5027,5038,5049,5055)
(10247,387,5005,5016,5027,5038,5049)
(10248,5,5006,5017,5028)
(10249,386,5020,5031,5042,5047,5052)
(10250,6,5047,5046,5040,5034,5028,5017)
(10251,385,5027,5016,5005)
(10252,370,5030,5041,5052)
(10253,362,5009,5020,5031,5042,5047)
(10254,364,5008,5019,5025,5031)
(10255,169,5030,5019,5008)
(10256,407,5038,5033,5028,5023,5018,5007,5002)
(10257,7,5027,5033,5034,5040,5046,5047,5048,5054)
(10258,9,5037,5031,5025,5024,5018,5007)
(10259,10,5008,5019,5025,5031)
(10260,297,5049,5038,5033,5028,5017)
(10261,296,5055,5049,5038,5027)
(10262,348,5019,5025,5031,5042,5048,5054)
(10263,399,5034,5028,5017,5011,5005)
(10264,11,5057,5052,5047,5042,5031,5020)
(10265,13,5018,5029,5040,5046)
(10266,404,5021,5026,5031,5042,5053)
(10267,341,5007,5018,5029,5040,5051,5057)
(10268,14,5029,5018,5007)
(10269,406,5043,5032,5021,5010)
(10270,15,5047,5046,5040,5034,5028,5017,5011)
(10271,363,5029,5018,5007,5001)
(10272,397,5030,5041,5052)
(10273,396,5018,5029,5040)
(10274,17,5014,5019,5024,5023,5028,5033,5038,5049)
(10275,18,5040,5029,5018,5007)
(10276,19,5018,5029,5040)
(10277,21,5031,5025,5024,5018,5012,5011,5005)
(10278,357,5053,5042,5031,5026,5021)
(10279,22,5057,5052,5047,5042,5031,5026,5021)
(10280,356,5040,5029,5018)
(10281,23,5030,5041,5052)
(10282,298,5028,5017,5006)
(10283,383,5003,5002,5007,5018,5029,5040)
(10284,25,5007,5018,5029,5040,5051,5057)
(10285,26,5038,5027,5016)
(10286,27,5004,5003,5002,5007,5018,5023,5028,5033,5038,5049)
(10287,250,5012,5018,5029,5040,5046,5047,5048,5054)
(10288,251,5006,5012,5018,5029,5040,5051)
(10289,29,5027,5038,5049,5055)
(10290,357,5009,5020,5031,5042)
(10291,30,5044,5038,5033,5028,5023,5018,5007)
(10292,31,5049,5038,5033,5028,5017,5006)
(10293,254,5005,5011,5012,5018,5029,5040,5051,5057,5058)
(10294,359,5038,5033,5028,5023,5018,5007)
(10295,359,5034,5028,5017,5011,5005)
(10296,255,5010,5021,5026,5031,5042,5047)
(10297,33,5054,5048,5042,5031,5025)
(10298,257,5007,5018,5024,5025,5031,5037)
(10299,258,5027,5016,5005)
(10300,34,5047,5046,5040,5029,5018)
(10301,367,5010,5021,5032,5043)
(10302,362,5003,5002,5007,5018,5023,5028,5033,5038)
(10303,260,5029,5018,5007)
(10304,35,5051,5040,5029,5018,5007,5002,5003)
(10305,261,5031,5042,5048,5054)
(10306,263,5031,5042,5053)
(10307,365,5027,5033,5034,5040,5051)
(10308,37,5011,5012,5018,5029,5040,5051,5057,5058)
(10309,366,5031,5020,5009)
(10310,38,5044,5038,5033,5028,5023,5018,5007,5002,5003)
(10311,62,5018,5029,5040,5046,5047)
(10312,83,5007,5018,5024,5030)
(10313,354,5028,5033,5038,5049,5055)
(10314,84,5009,5020,5031)
(10315,86,5038,5027,5016)
(10316,276,5055,5049,5038,5027)
(10317,342,5037,5031,5020,5009)
(10318,264,5054,5048,5042,5031)
(10319,337,5054,5048,5047,5046,5040,5034,5033,5027)
(10320,343,5020,5031,5042,5053)
(10321,343,5004,5003,5002,5007,5018,5023,5028,5033,5038,5049)
(10322,266,5040,5029,5018,5007,5002,5003)
(10323,129,5055,5049,5038,5027,5016,5005)
(10324,267,5030,5024,5023,5017,5011,5005)
(10325,345,5051,5040,5034,5028,5017)
(10326,347,5051,5040,5029,5018,5007)
(10327,353,5007,5018,5023,5028,5033,5038,5049)
(10328,131,5029,5018,5007,5001)
(10329,268,5018,5029,5040,5046,5047,5048)
(10330,349,5012,5018,5029,5040,5046,5047,5048)
(10331,269,5011,5012,5018,5029,5040,5051)
(10332,349,5021,5032,5043)
(10333,132,5018,5029,5040,5046,5047)
(10334,133,5010,5021,5032)
(10335,272,5053,5042,5031,5026,5021)
(10336,351,5046,5047,5042,5031,5026,5021,5010)
(10337,352,5057,5051,5040,5034,5028,5017,5011,5005)
(10338,353,5029,5018,5007,5001)
(10339,135,5011,5012,5018,5029,5040)
(10340,274,5016,5027,5038)
(10341,275,5002,5007,5018,5023,5028,5033,5038,5044)
(10342,136,5020,5031,5042,5048,5054)
(10343,277,5056,5051,5040,5029,5018,5007,5002)
(10344,137,5038,5027,5016,5005)
(10345,139,5029,5040,5051)
(10346,140,5058,5057,5051,5040,5029,5023,5017,5011,5005)
(10347,141,5005,5016,5027,5038,5049)
(10348,228,5025,5031,5042,5048,5054)
(10349,386,5052,5041,5030,5019)
(10350,229,5016,5027,5038,5049,5055)
(10351,388,5002,5007,5018,5029,5040,5046,5047)
(10352,230,5038,5027,5016)
(10353,143,5002,5007,5018,5029,5040,5046)
(10354,232,5049,5038,5033,5028,5023,5018,5007,5002,5003,5004)
(10355,144,5019,5024,5029,5040,5051,5057,5058)
(10356,388,5028,5017,5006)
(10357,145,5007,5018,5029,5040,5051)
(10358,236,5029,5018,5007,5001)
(10359,390,5005,5011,5012,5018,5029,5040,5051)
(10360,148,5028,5034,5040,5051,5057,5058)
(10361,167,5047,5046,5040,5034,5028,5017,5011)
(10362,240,5032,5043,5054)
(10363,241,5057,5051,5040,5029,5018,5007,5001)
(10364,242,5028,5017,5011,5005)
(10365,392,5028,5017,5006)
(10366,149,5046,5040,5029,5018,5007)
(10367,244,5005,5011,5012,5018,5029,5040,5051,5057,5058)
(10368,245,5029,5040,5051,5057,5058)
(10369,393,5056,5057,5052,5047,5042,5031,5026,5021,5010)
(10370,246,5030,5019,5008)
(10371,235,5007,5018,5029,5040,5046)
(10372,239,5030,5024,5018,5007,5001)
(10373,394,5041,5030,5019)
(10374,227,5009,5020,5031,5042,5053)
(10375,226,5047,5042,5031,5026,5021,5010)
(10376,262,5040,5029,5018,5007,5002)
(10377,321,5037,5031,5025,5024,5023,5017,5011,5005)
(10378,151,5009,5020,5031,5042,5048)
(10379,278,5056,5051,5040,5029,5018,5007)
(10380,310,5032,5043,5054)
(10381,152,5018,5029,5040,5051,5056)
(10382,312,5025,5031,5042,5048,5054)
(10383,153,5028,5034,5040,5051)
(10384,155,5032,5043,5054)
(10385,156,5018,5029,5040)
(10386,376,5030,5041,5052,5058)
(10387,370,5029,5040,5051)
(10388,371,5049,5038,5033,5028,5023,5018,5007,5002,5003,5004)
(10389,314,5058,5057,5051,5040,5029,5023)
(10390,157,5041,5030,5019)
(10391,159,5003,5002,5007,5018,5029,5040)
(10392,316,5002,5007,5018,5029,5040,5046,5047,5048,5054)
(10393,160,5019,5024,5029,5040,5051,5057,5058)
(10394,317,5012,5018,5029,5040,5051,5057,5058)
(10395,161,5005,5011,5012,5018,5029,5040,5051,5057)
(10396,319,5047,5046,5040,5034,5028,5017,5011,5005)
(10397,374,5005,5011,5012,5018,5029,5040,5046,5047)
(10398,320,5027,5016,5005)
(10399,163,5028,5017,5011,5005)
(10400,164,5054,5048,5042,5031,5025,5019)
(10401,382,5027,5033,5034,5040,5051)
(10402,322,5058,5057,5051,5040,5029,5018,5007,5001)
(10403,377,5053,5042,5031)
(10404,165,5047,5046,5040,5034,5028,5017,5011,5005)
(10405,128,5006,5012,5018,5029,5040,5046)
(10406,323,5029,5018,5007)
(10407,378,5019,5025,5031,5042,5048)
(10408,379,5019,5024,5023,5028,5033,5038,5049)
(10409,324,5046,5040,5034,5028,5017,5011)
(10410,380,5034,5028,5017,5011,5005)
(10411,147,5027,5033,5034,5040,5051,5057,5058)
(10412,127,5044,5038,5033,5028,5017,5006)
(10413,328,5044,5038,5033,5028,5023,5018,5007,5002)
(10414,329,5046,5040,5029,5018,5007,5002)
(10415,104,5049,5038,5033,5028,5023,5018,5007,5002)
(10416,331,5052,5041,5030,5019)
(10417,87,5019,5025,5031,5042,5048)
(10418,332,5012,5018,5029,5040,5051,5057)
(10419,88,5027,5016,5005)
(10420,90,5006,5017,5028,5033,5038)
(10421,308,5010,5021,5026,5031,5042,5047,5052,5057)
(10422,398,5049,5038,5033,5028,5023,5018,5007,5002,5003,5004)
(10423,91,5030,5041,5052,5058)
(10424,303,5031,5025,5024,5018,5007)
(10425,92,5007,5018,5029,5040,5046,5047,5048)
(10426,94,5020,5031,5042,5047,5052)
(10427,307,5017,5028,5033,5038,5049,5055)
(10428,314,5005,5011,5012,5018,5029,5040,5046)
(10429,281,5002,5007,5018,5029,5040,5046,5047)
(10430,282,5005,5011,5012,5018,5029,5040,5051)
(10431,283,5053,5042,5031,5020,5009)
(10432,95,5002,5007,5018,5023,5028,5033,5038)
(10433,285,5032,5043,5054)
(10434,312,5030,5024,5018,5007,5001)
(10435,311,5021,5026,5031,5042,5047,5052,5057,5056)
(10436,310,5056,5051,5040,5035,5030,5019)
(10437,286,5038,5033,5028,5023,5018,5007,5002)
(10438,96,5005,5016,5027,5038,5049)
(10439,98,5038,5027,5016,5005)
(10440,288,5028,5017,5006)
(10441,301,5029,5018,5007,5001)
(10442,289,5056,5051,5040,5029,5018,5007,5002)
(10443,290,5027,5016,5005)
(10444,332,5057,5051,5040,5034,5033,5027)
(10445,99,5058,5057,5051,5040,5029,5023)
(10446,293,5051,5040,5034,5028)
(10447,316,5032,5043,5054)
(10448,100,5025,5031,5042,5048,5054)
(10449,330,5010,5021,5026,5031,5042)
(10450,102,5030,5024,5018,5007)
(10451,296,5031,5025,5024,5018,5012,5011,5005)
(10452,297,5021,5026,5031,5042,5047,5052,5057)
(10453,299,5040,5034,5028,5017,5011)
(10454,334,5049,5038,5033,5028,5023,5018,5007,5002,5003,5004)
(10455,103,5049,5038,5027,5016)
(10456,337,5016,5027,5038,5049)
(10457,106,5029,5018,5007,5001)
(10458,327,5020,5031,5042,5047,5052,5057,5056)
(10459,301,5043,5032,5021)
(10460,302,5002,5007,5018,5029,5040,5046)
(10461,303,5016,5027,5038,5044)
(10462,124,5057,5052,5047,5042,5031,5026,5021,5010)
(10463,304,5032,5043,5054)
(10464,107,5054,5048,5047,5046,5040,5034,5028,5017,5011)
(10465,320,5019,5025,5031,5042,5048,5054)
(10466,319,5019,5024,5029,5040,5051,5057,5058)
(10467,108,5058,5057,5051,5040,5029)
(10468,279,5027,5033,5034,5040,5046,5047,5048,5054)
(10469,110,5028,5034,5040,5051,5057,5058)
(10470,300,5052,5047,5042,5031,5020)
(10471,298,5041,5030,5019)
(10472,295,5057,5052,5047,5042,5031,5020)
(10473,323,5027,5016,5005)
(10474,324,5030,5024,5018,5007)
(10475,324,5003,5002,5007,5018,5029,5040,5051)
(10476,326,5046,5040,5034,5028,5017)
(10477,292,5054,5048,5047,5046,5040,5034,5028,5017)
(10478,111,5037,5031,5025,5024,5018,5007,5001)
(10479,336,5030,5024,5018,5007,5001)
(10480,287,5037,5031,5025,5024,5023,5017,5011,5005)
(10481,334,5051,5040,5034,5028,5017,5011)
(10482,284,5056,5051,5040,5029,5018)
(10483,305,5058,5057,5051,5040,5029,5023,5017,5011,5005)
(10484,307,5038,5033,5028,5017,5006)
(10485,332,5041,5030,5019)
(10486,334,5031,5025,5024,5018,5007)
(10487,112,5019,5025,5031,5042)
(10488,329,5012,5018,5029,5040,5046,5047)
(10489,330,5031,5042,5053)
(10490,328,5042,5031,5020)
(10491,327,5056,5051,5040,5029,5018,5007,5002,5003)
(10492,335,5010,5021,5026,5031,5042)
(10493,113,5044,5038,5033,5028,5023,5018,5007,5002,5003,5004)
(10494,115,5027,5016,5005)
(10495,302,5027,5016,5005)
(10496,116,5049,5038,5027)
(10497,313,5031,5025,5019,5008)
(10498,309,5055,5049,5038,5033,5028,5017,5006)
(10499,243,5046,5040,5029,5018,5007,5001)
(10500,117,5005,5011,5012,5018,5029,5040,5051,5057)
(10501,234,5054,5043,5032)
(10502,119,5028,5034,5040,5051)
(10503,231,5021,5026,5031,5042,5053)
(10504,120,5032,5043,5054)
(10505,270,5032,5043,5054)
(10506,121,5019,5025,5031,5042,5048)
(10507,256,5004,5003,5002,5007,5018,5023,5028,5033,5038)
(10508,123,5038,5033,5028,5023,5018,5007,5002,5003)
(10509,252,5051,5040,5034,5028,5017)
(10510,392,5018,5029,5040)
(10511,170,5030,5041,5052)
