#carID, StartTime, RoadID...
(10000,1210,5017,5028,5039,5050)
(10001,1310,5018,5024,5025,5026,5032,5043,5048)
(10002,1655,5012,5017,5028,5039,5050)
(10003,836,5017,5023,5024,5025,5026,5032,5043,5048,5053)
(10004,323,5008,5019,5030,5036)
(10005,837,5006,5017,5023,5024,5025,5026,5032,5043,5048,5053)
(10006,340,5008,5019,5025,5026,5032,5043,5048)
(10007,838,5050,5039,5028,5023,5024,5019,5008,5003,5004)
(10008,1311,5039,5028,5017,5006,5000)
(10009,1312,5008,5019,5025,5026,5032,5043,5048)
(10010,1659,5040,5029,5024,5019,5008)
(10011,1428,5019,5024,5023,5028,5039,5050,5055)
(10012,839,5022,5028,5039,5050,5056)
(10013,331,5000,5006,5017,5023,5024,5025,5026,5032,5043,5048)
(10014,718,5032,5026,5025,5024,5023,5017,5006,5000)
(10015,1675,5016,5027,5038)
(10016,1313,5041,5030,5024,5023,5017,5011)
(10017,1429,5036,5030,5019,5008)
(10018,1430,5022,5028,5039,5050)
(10019,1664,5011,5017,5023,5024,5025,5026,5032,5043,5048)
(10020,1643,5015,5021,5032,5043)
(10021,687,5022,5028,5039,5050,5055)
(10022,1670,5017,5023,5024,5025,5026,5032,5043,5048)
(10023,1314,5000,5006,5017,5028,5039,5044)
(10024,847,5041,5030,5019,5008)
(10025,848,5030,5024,5018,5007)
(10026,364,5030,5024,5023,5017,5006,5000)
(10027,1621,5011,5017,5023,5024,5030,5041,5052)
(10028,1626,5052,5041,5030,5024)
(10029,366,5022,5023,5024,5025,5026,5032,5043,5048,5053)
(10030,357,5008,5019,5024,5029,5040)
(10031,1433,5024,5025,5026,5032,5043,5048,5053)
(10032,351,5025,5026,5032,5043,5054)
(10033,850,5044,5039,5028,5017,5006)
(10034,1630,5048,5043,5032,5026,5025,5024,5023,5017,5006)
(10035,727,5029,5040,5051)
(10036,852,5044,5039,5028,5023,5024,5019,5008)
(10037,1315,5048,5043,5032,5026,5025,5024,5018)
(10038,853,5021,5026,5025,5024,5023,5028,5039,5050,5055)
(10039,1637,5050,5039,5028,5017)
(10040,715,5019,5024,5023,5028,5039,5050)
(10041,1437,5021,5032,5043,5054)
(10042,258,5055,5050,5039,5028,5023,5024,5019)
(10043,1438,5051,5040,5029,5024,5025,5026,5021)
(10044,260,5036,5030,5024,5023,5017,5006)
(10045,1439,5053,5048,5043,5032,5026,5025,5019)
(10046,1316,5030,5041,5052)
(10047,830,5012,5017,5028,5039,5050)
(10048,1735,5030,5041,5052)
(10049,1440,5019,5025,5026,5032,5043,5054)
(10050,1441,5025,5026,5032,5043,5054)
(10051,1442,5028,5039,5050,5056)
(10052,1318,5053,5048,5043,5032,5026,5025,5024,5023,5017)
(10053,808,5006,5017,5023,5024,5025,5026,5032,5043)
(10054,1326,5040,5029,5023,5017,5011)
(10055,241,5006,5017,5023,5024,5030,5036)
(10056,1444,5007,5018,5024,5025,5026,5032)
(10057,744,5041,5030,5019)
(10058,729,5040,5029,5023,5017)
(10059,732,5022,5028,5039,5050,5056)
(10060,1743,5054,5043,5032,5026,5025,5019,5008)
(10061,1319,5032,5043,5054)
(10062,733,5003,5008,5019,5024,5023,5028,5039,5044)
(10063,1697,5030,5019,5008)
(10064,734,5015,5021,5032,5043)
(10065,1696,5000,5006,5017,5028,5039,5050,5055)
(10066,1446,5052,5047,5048,5043,5032,5021)
(10067,306,5021,5032,5043)
(10068,1686,5032,5043,5054)
(10069,814,5043,5032,5021,5010)
(10070,1684,5040,5029,5023,5017,5006)
(10071,1447,5025,5026,5032,5043,5054)
(10072,815,5052,5041,5030,5019)
(10073,271,5029,5023,5017,5006)
(10074,1712,5054,5043,5032,5026,5025,5024,5023,5017,5006,5000)
(10075,1320,5028,5017,5006)
(10076,277,5023,5024,5030,5041,5052)
(10077,743,5017,5023,5024,5030,5041)
(10078,1422,5053,5048,5043,5032,5026,5025,5019,5008)
(10079,1421,5010,5021,5032,5043,5054)
(10080,1704,5039,5028,5017,5006,5000)
(10081,820,5029,5040,5051)
(10082,1641,5001,5006,5017,5028,5039,5044)
(10083,1704,5003,5008,5019,5024,5029,5040)
(10084,1420,5012,5017,5028,5039,5050,5055)
(10085,1705,5056,5050,5039,5028,5017,5006,5000)
(10086,616,5032,5021,5010)
(10087,1706,5054,5043,5032,5026,5025)
(10088,825,5054,5043,5032,5021,5010,5004)
(10089,1321,5053,5048,5043,5032,5026,5025)
(10090,826,5027,5016,5005)
(10091,827,5021,5032,5043,5048,5047,5052)
(10092,620,5021,5026,5025,5024,5029,5040,5051)
(10093,1322,5053,5048,5043,5032,5026,5025,5024,5023)
(10094,1398,5053,5048,5043,5032,5026,5025,5024)
(10095,1708,5041,5030,5019,5008,5003)
(10096,622,5016,5027,5038)
(10097,1398,5028,5017,5006)
(10098,270,5011,5017,5028,5039,5050,5055)
(10099,884,5050,5039,5028,5023,5024,5019,5008,5003,5004)
(10100,1399,5044,5039,5028,5023,5024,5019,5008,5003)
(10101,1400,5018,5029,5040,5051)
(10102,1401,5043,5032,5026,5025,5024,5018)
(10103,288,5050,5039,5028,5023,5024,5019,5008,5003,5004)
(10104,1691,5023,5024,5030,5041,5052)
(10105,1698,5052,5041,5030,5024,5023,5017,5011)
(10106,1404,5018,5024,5030,5041,5052)
(10107,1405,5025,5026,5032,5043,5048,5053)
(10108,1406,5007,5018,5024,5025,5026,5032,5043,5054)
(10109,301,5039,5028,5023,5024,5019,5008,5003,5004)
(10110,1699,5055,5050,5039,5028,5023,5024,5019,5008,5003,5004)
(10111,299,5027,5016,5005)
(10112,297,5004,5003,5008,5019,5024,5029,5040)
(10113,1718,5050,5039,5028,5023,5024,5019)
(10114,590,5030,5024,5023,5017,5006,5000)
(10115,888,5053,5048,5043,5032,5026)
(10116,1407,5029,5023,5017,5006)
(10117,293,5026,5032,5043,5054)
(10118,889,5040,5029,5018)
(10119,1409,5014,5019,5024,5029,5040,5051)
(10120,1410,5019,5025,5026,5032,5043)
(10121,1412,5051,5040,5029,5018)
(10122,892,5018,5024,5030,5041)
(10123,1413,5054,5043,5032,5026,5025,5024,5023)
(10124,893,5032,5043,5054)
(10125,1414,5040,5029,5023,5017,5006)
(10126,897,5043,5032,5021)
(10127,604,5030,5024,5023,5017,5006,5000)
(10128,1415,5026,5032,5043,5054)
(10129,898,5021,5026,5025,5024,5023,5028,5039,5050,5055)
(10130,1323,5048,5043,5032,5026,5025,5019,5008)
(10131,1324,5015,5021,5032,5043,5048,5053)
(10132,900,5028,5039,5050)
(10133,231,5024,5025,5026,5032,5043,5048,5053)
(10134,229,5018,5024,5030,5041,5052)
(10135,1750,5051,5040,5029,5024,5019)
(10136,1325,5054,5043,5032,5021,5010)
(10137,901,5027,5016,5005)
(10138,609,5006,5017,5028,5039)
(10139,1752,5004,5003,5008,5019,5024,5023,5028,5039,5044)
(10140,1420,5032,5043,5054)
(10141,903,5029,5023,5017,5006)
(10142,1436,5044,5039,5028,5017,5006,5001)
(10143,662,5021,5032,5043,5048,5053)
(10144,663,5056,5050,5039,5028,5017,5011)
(10145,907,5025,5026,5032,5043,5048,5053)
(10146,1451,5052,5041,5030,5019,5014)
(10147,668,5015,5021,5032,5043,5048,5053)
(10148,669,5030,5019,5008)
(10149,1726,5029,5040,5051)
(10150,675,5028,5017,5006,5000)
(10151,1452,5014,5019,5024,5029,5040,5051)
(10152,677,5030,5041,5052)
(10153,1722,5014,5019,5024,5023,5028,5039,5050,5055)
(10154,860,5016,5027,5038)
(10155,661,5050,5039,5028,5017)
(10156,660,5051,5040,5029,5024,5019,5008,5003,5004)
(10157,1309,5043,5032,5026,5025,5024,5018)
(10158,1723,5039,5028,5023,5024,5019,5008,5003,5004)
(10159,355,5022,5028,5039,5050,5056)
(10160,1453,5040,5029,5023,5017,5011)
(10161,863,5011,5017,5023,5024,5030,5041)
(10162,1308,5032,5043,5054)
(10163,864,5053,5048,5043,5032,5026,5025,5019)
(10164,1307,5003,5008,5019,5030,5041)
(10165,866,5021,5032,5043,5048,5053)
(10166,1483,5036,5030,5019,5008,5003)
(10167,360,5054,5043,5032,5026,5025,5019,5008)
(10168,869,5017,5028,5039,5050,5055)
(10169,1306,5022,5028,5039,5050,5056)
(10170,1485,5019,5025,5026,5032,5043,5048)
(10171,875,5001,5006,5017,5028,5039)
(10172,1728,5029,5040,5051)
(10173,656,5022,5023,5024,5025,5026,5032,5043,5048,5053)
(10174,805,5030,5024,5018,5007)
(10175,1486,5019,5024,5023,5028,5039,5050)
(10176,1487,5041,5030,5019,5008,5003,5004)
(10177,1733,5017,5023,5024,5030,5041)
(10178,1291,5055,5050,5039,5028,5023,5024,5025,5026,5021)
(10179,1682,5032,5043,5054)
(10180,650,5029,5023,5017,5006,5000)
(10181,1717,5053,5048,5043,5032,5021,5010,5004)
(10182,645,5055,5050,5039,5028,5017,5006)
(10183,1292,5052,5041,5030,5024,5023,5017)
(10184,641,5040,5029,5023,5017,5011)
(10185,1293,5032,5043,5054)
(10186,337,5022,5023,5024,5025,5026,5032,5043,5054)
(10187,330,5051,5040,5029)
(10188,327,5030,5024,5023,5017,5006)
(10189,637,5023,5024,5030,5041,5052)
(10190,1294,5006,5017,5023,5024,5025,5026,5032)
(10191,800,5053,5048,5043,5032,5021)
(10192,321,5043,5032,5026,5025,5024,5023,5017,5006,5000)
(10193,775,5041,5030,5019)
(10194,1489,5043,5032,5021)
(10195,1295,5050,5039,5028,5017,5006,5000)
(10196,359,5026,5032,5043,5048,5053)
(10197,1636,5021,5032,5043,5048,5047,5052)
(10198,1296,5017,5028,5039,5045)
(10199,1634,5019,5025,5026,5032,5043,5048,5053)
(10200,1493,5036,5030,5024,5023,5017,5006,5000)
(10201,356,5028,5017,5006)
(10202,1494,5039,5028,5017)
(10203,224,5000,5006,5017,5023,5024,5025,5026,5032)
(10204,788,5007,5018,5029)
(10205,786,5050,5039,5028)
(10206,1297,5055,5050,5039,5028,5023,5024,5025,5026,5021)
(10207,81,5054,5043,5032,5026,5025,5019,5008)
(10208,1625,5039,5028,5017)
(10209,1298,5001,5006,5017,5028,5039,5050,5055)
(10210,784,5011,5017,5023,5024,5030,5041,5052)
(10211,779,5041,5030,5019,5008,5003,5004)
(10212,1299,5004,5010,5021,5032)
(10213,77,5000,5006,5017,5028,5039,5050,5056)
(10214,1509,5032,5026,5025,5024,5023,5017,5006)
(10215,1623,5003,5008,5019,5024,5023,5028,5039,5050)
(10216,597,5004,5003,5008,5019,5024,5023,5028,5039)
(10217,74,5014,5019,5024,5023,5028,5039,5050,5055)
(10218,1497,5048,5043,5032,5026,5025,5024,5023,5017,5011)
(10219,73,5004,5003,5008,5019,5024,5023,5028,5039,5050,5055)
(10220,1498,5015,5021,5032,5043,5054)
(10221,1499,5050,5039,5028,5017,5011)
(10222,1502,5000,5006,5017,5023,5024,5025,5026,5032,5043)
(10223,593,5043,5032,5026,5025,5024,5018,5007)
(10224,1300,5040,5029,5018)
(10225,1673,5028,5039,5050,5056)
(10226,1505,5028,5039,5050)
(10227,795,5018,5024,5025,5026,5032,5043,5048,5053)
(10228,626,5050,5039,5028,5023,5024,5019,5008,5003)
(10229,63,5050,5039,5028,5017,5006,5000)
(10230,1506,5028,5039,5050,5056)
(10231,1507,5027,5016,5005)
(10232,1301,5048,5043,5032,5021,5010)
(10233,61,5055,5050,5039,5028,5017,5011)
(10234,747,5008,5019,5025,5026,5032)
(10235,1482,5028,5039,5050,5056)
(10236,760,5029,5023,5017,5006,5000)
(10237,1481,5048,5043,5032,5026,5025,5024,5023,5017)
(10238,1645,5003,5008,5019,5030,5036)
(10239,801,5021,5032,5043)
(10240,1465,5000,5006,5017,5023,5029,5035,5036)
(10241,796,5008,5019,5024,5023,5028,5039,5050)
(10242,1651,5027,5016,5005)
(10243,1454,5028,5039,5050,5056)
(10244,1455,5014,5019,5024,5023,5028,5039,5050)
(10245,789,5050,5039,5028,5023,5024,5019,5008)
(10246,1302,5026,5032,5043,5048,5053)
(10247,1303,5043,5032,5026,5025,5019)
(10248,1304,5008,5019,5024,5029,5040)
(10249,1846,5019,5025,5026,5032,5043)
(10250,748,5055,5050,5039,5028,5023,5024,5025,5026,5021)
(10251,728,5043,5032,5026,5025,5024,5018)
(10252,1756,5019,5025,5026,5032,5043,5054)
(10253,754,5054,5043,5032,5026,5025,5024,5023)
(10254,719,5052,5041,5030,5024,5023,5022)
(10255,716,5026,5032,5043,5048,5053)
(10256,1872,5029,5023,5017,5006)
(10257,1458,5029,5023,5017,5006,5000)
(10258,104,5039,5028,5017,5006,5001)
(10259,103,5027,5016,5005)
(10260,758,5055,5050,5039,5028,5023,5024,5019)
(10261,1305,5021,5026,5025,5024,5023,5028,5039,5050,5055)
(10262,587,5021,5032,5043,5048,5053)
(10263,1317,5041,5030,5024,5023,5017,5011)
(10264,1327,5054,5043,5032,5026,5025,5019,5008)
(10265,100,5025,5026,5032,5043,5054)
(10266,1009,5022,5028,5039,5050)
(10267,712,5051,5040,5029,5018)
(10268,725,5008,5019,5030,5041,5052)
(10269,721,5032,5026,5025,5019,5008)
(10270,723,5044,5039,5028,5017,5006)
(10271,1025,5012,5017,5028,5039,5050)
(10272,1460,5050,5039,5028,5017,5011)
(10273,1020,5027,5016,5005)
(10274,95,5056,5050,5039,5028,5022)
(10275,1461,5051,5040,5029,5018,5007)
(10276,1876,5018,5029,5040)
(10277,1463,5007,5018,5024,5025,5026,5032)
(10278,1464,5026,5032,5043,5054)
(10279,1879,5041,5030,5024,5018)
(10280,1465,5025,5026,5032,5043,5048,5053)
(10281,702,5015,5021,5032,5043,5048)
(10282,1466,5043,5032,5021,5010)
(10283,1007,5022,5028,5039,5050)
(10284,1328,5000,5006,5017,5023,5029)
(10285,1329,5054,5043,5032)
(10286,87,5039,5028,5017)
(10287,1350,5036,5030,5019,5008,5003)
(10288,86,5000,5006,5017,5023,5024,5025,5026,5032,5043)
(10289,1467,5025,5026,5032,5043,5054)
(10290,1469,5006,5017,5023,5024,5025,5026,5032,5043,5048,5053)
(10291,1351,5017,5028,5039,5050,5056)
(10292,998,5054,5043,5032,5026,5025,5024,5018)
(10293,1352,5025,5026,5032,5043,5048,5053)
(10294,1472,5032,5043,5054)
(10295,56,5040,5029,5024,5019,5008,5003,5004)
(10296,1891,5044,5039,5028,5023,5024,5019,5008)
(10297,1003,5050,5039,5028,5023,5024,5019,5014)
(10298,1394,5054,5043,5032,5021,5010)
(10299,1353,5055,5050,5039,5028,5017,5006,5001)
(10300,1849,5024,5025,5026,5032,5043,5054)
(10301,1850,5055,5050,5039,5028,5017,5011)
(10302,619,5040,5029,5024,5019,5008,5003)
(10303,23,5036,5030,5024,5018,5007)
(10304,1850,5030,5019,5008)
(10305,1477,5008,5019,5024,5023,5028,5039,5050,5055)
(10306,623,5048,5043,5032,5021,5010)
(10307,21,5048,5043,5032,5026,5025,5019,5008)
(10308,1354,5032,5026,5025,5024,5023,5017,5006,5000)
(10309,1480,5007,5018,5029,5040)
(10310,588,5028,5039,5050)
(10311,19,5019,5030,5041)
(10312,1036,5026,5032,5043,5054)
(10313,18,5039,5028,5023,5024,5019,5008,5003,5004)
(10314,595,5041,5030,5024,5018,5007)
(10315,1857,5041,5030,5024,5023,5017,5006,5000)
(10316,599,5025,5026,5032,5043,5054)
(10317,14,5053,5048,5043,5032,5026,5025,5024,5018,5007)
(10318,602,5055,5050,5039,5028,5023,5024,5019,5008)
(10319,1858,5039,5028,5023,5024,5019,5008,5003,5004)
(10320,1035,5040,5029,5024,5019,5008,5003)
(10321,1355,5039,5028,5017)
(10322,10,5001,5006,5017,5028,5039)
(10323,9,5036,5030,5024,5023,5017,5006,5000)
(10324,1860,5000,5006,5017,5023,5024,5025,5026,5032,5043,5054)
(10325,7,5056,5050,5039,5028,5017,5011)
(10326,1039,5051,5040,5029,5024,5019,5008,5003,5004)
(10327,6,5056,5050,5039,5028,5017,5006,5000)
(10328,1042,5039,5028,5023,5024,5019,5008,5003)
(10329,1423,5007,5018,5024,5025,5026,5032,5043)
(10330,1356,5011,5017,5023,5024,5025,5026,5032,5043,5048,5053)
(10331,1358,5008,5019,5030,5041,5052)
(10332,673,5040,5029,5018,5007)
(10333,680,5026,5032,5043,5054)
(10334,1366,5021,5032,5043)
(10335,1418,5041,5030,5024,5023,5017,5011)
(10336,25,5017,5028,5039,5045)
(10337,1359,5054,5043,5032)
(10338,648,5021,5026,5025,5024,5029,5040,5051)
(10339,1866,5053,5048,5043,5032,5026,5025,5024,5023)
(10340,28,5054,5043,5032,5026,5025,5024,5023,5017,5006,5000)
(10341,29,5030,5041,5052)
(10342,1360,5043,5032,5021,5010,5004)
(10343,1361,5022,5023,5024,5030,5041,5052)
(10344,1893,5015,5021,5032,5043,5054)
(10345,943,5007,5018,5024,5025,5026,5032,5043,5048,5053)
(10346,1362,5007,5018,5029,5035,5041,5052)
(10347,49,5007,5018,5024,5025,5026,5032,5043)
(10348,1363,5028,5017,5006)
(10349,1364,5032,5026,5025,5024,5023,5017,5006)
(10350,47,5006,5017,5028,5039,5050)
(10351,655,5022,5028,5039,5050,5056)
(10352,1435,5044,5039,5028,5023,5024,5019,5008,5003)
(10353,45,5021,5026,5025,5024,5023,5028,5039,5050)
(10354,621,5052,5041,5030,5019)
(10355,911,5054,5043,5032,5026,5025)
(10356,43,5039,5028,5017,5006,5001)
(10357,54,5007,5018,5024,5025,5026,5032,5043)
(10358,1433,5040,5029,5023,5017,5011)
(10359,913,5001,5006,5017,5028,5039,5050,5055)
(10360,40,5044,5039,5028,5023,5024,5019,5008,5003)
(10361,657,5017,5023,5024,5025,5026,5032,5043,5048,5053)
(10362,654,5041,5030,5019,5008)
(10363,37,5043,5032,5021,5010,5004)
(10364,926,5018,5029,5040)
(10365,35,5029,5023,5017,5006)
(10366,34,5027,5016,5005)
(10367,922,5000,5006,5017,5023,5024,5025,5026,5032,5043,5048,5053)
(10368,1918,5028,5039,5050,5056)
(10369,1365,5006,5017,5023,5024,5030,5036)
(10370,1923,5017,5023,5024,5025,5026,5032,5043,5048,5053)
(10371,646,5008,5019,5025,5026,5032,5043,5054)
(10372,31,5008,5019,5024,5029,5040)
(10373,1924,5019,5024,5029,5040,5051)
(10374,644,5029,5018,5007)
(10375,1349,5003,5008,5019,5024,5029,5040)
(10376,1926,5028,5039,5050)
(10377,1357,5027,5016,5005)
(10378,972,5003,5008,5019,5024,5029,5040)
(10379,194,5036,5030,5019,5008,5003)
(10380,1434,5015,5021,5032,5043,5048,5053)
(10381,1929,5019,5025,5026,5032,5043,5048,5053)
(10382,192,5055,5050,5039,5028,5017,5006,5000)
(10383,682,5006,5017,5028,5039,5050,5055)
(10384,982,5028,5039,5050,5056)
(10385,681,5008,5019,5025,5026,5032,5043)
(10386,1930,5018,5024,5025,5026,5032,5043,5048)
(10387,1932,5039,5028,5023,5024,5019,5008)
(10388,968,5027,5016,5005)
(10389,1933,5051,5040,5029)
(10390,1934,5011,5017,5023,5024,5025,5026,5032,5043,5048,5053)
(10391,188,5011,5017,5023,5024,5025,5026,5032,5043)
(10392,671,5029,5040,5051)
(10393,1935,5025,5026,5032,5043,5054)
(10394,1452,5032,5043,5054)
(10395,1439,5015,5021,5032,5043,5054)
(10396,1441,5006,5017,5028,5039,5050)
(10397,953,5022,5023,5024,5025,5026,5032,5043,5054)
(10398,954,5036,5030,5019,5008)
(10399,1443,5027,5016,5005)
(10400,1916,5028,5039,5050)
(10401,666,5053,5048,5043,5032,5026,5025,5024)
(10402,1895,5003,5008,5019,5024,5023,5028,5039,5050,5055)
(10403,659,5032,5021,5010,5004)
(10404,181,5036,5030,5024,5018,5007)
(10405,963,5054,5043,5032,5021,5015)
(10406,1348,5043,5032,5021)
(10407,1896,5051,5040,5029,5024,5019)
(10408,177,5040,5029,5018,5007)
(10409,607,5054,5043,5032,5026,5025,5024,5018,5007)
(10410,964,5039,5028,5023,5024,5019,5008,5003)
(10411,1897,5004,5003,5008,5019,5024,5023,5028,5039,5050)
(10412,173,5006,5017,5028,5039,5050,5056)
(10413,957,5026,5032,5043,5054)
(10414,1337,5017,5028,5039,5045)
(10415,170,5030,5019,5008)
(10416,1419,5053,5048,5043,5032,5026,5025,5024,5023)
(10417,920,5051,5040,5029,5018,5007)
(10418,600,5041,5030,5024,5023,5017,5006,5000)
(10419,208,5039,5028,5023,5024,5019,5008)
(10420,1415,5003,5008,5019,5024,5023,5028,5039,5050,5055)
(10421,1416,5000,5006,5017,5023,5029)
(10422,1426,5012,5017,5028,5039,5050)
(10423,1330,5017,5023,5024,5030,5041)
(10424,1907,5000,5006,5017,5023,5024,5025,5026,5032,5043,5048,5053)
(10425,1422,5007,5018,5024,5025,5026,5032,5043,5054)
(10426,1908,5012,5017,5028,5039,5050)
(10427,589,5011,5017,5023,5024,5025,5026,5032,5043)
(10428,1038,5043,5032,5021,5015)
(10429,608,5054,5043,5032,5026,5025,5024,5023)
(10430,1331,5000,5006,5017,5028,5039,5044)
(10431,610,5025,5026,5032,5043,5048,5053)
(10432,1910,5018,5029,5040)
(10433,633,5030,5024,5023,5017,5006)
(10434,1030,5054,5043,5032,5026,5025,5024,5018)
(10435,213,5048,5043,5032,5026,5025,5024,5023,5017,5011)
(10436,211,5055,5050,5039,5028,5017)
(10437,210,5022,5028,5039,5050,5056)
(10438,1425,5028,5017,5006,5000)
(10439,630,5053,5048,5043,5032,5021,5010)
(10440,629,5022,5023,5024,5025,5026,5032,5043,5054)
(10441,1847,5027,5016,5005)
(10442,1485,5030,5041,5052)
(10443,1780,5039,5028,5017,5011)
(10444,1332,5041,5030,5019,5008,5003)
(10445,1333,5017,5028,5039,5050)
(10446,1783,5048,5043,5032,5026,5025,5024,5023,5017)
(10447,204,5028,5017,5006,5000)
(10448,1783,5050,5039,5028,5017,5012)
(10449,1486,5004,5010,5021,5032,5043,5048,5053)
(10450,1334,5023,5024,5025,5026,5032,5043,5048,5053)
(10451,1335,5050,5039,5028,5022)
(10452,200,5012,5017,5028,5039,5050,5055)
(10453,1788,5048,5043,5032,5026,5025,5024,5023,5017,5011)
(10454,1372,5055,5050,5039,5028,5017,5006)
(10455,978,5017,5023,5024,5025,5026,5032,5043,5048)
(10456,1336,5048,5043,5032,5026,5025,5024,5023,5017)
(10457,1338,5007,5018,5029,5035)
(10458,983,5032,5026,5025,5024,5018,5007)
(10459,956,5053,5048,5043,5032,5021,5010,5004)
(10460,1057,5024,5030,5041,5052)
(10461,730,5054,5043,5032,5021,5010)
(10462,136,5028,5017,5006)
(10463,1346,5027,5016,5005)
(10464,1339,5040,5029,5018)
(10465,962,5022,5028,5039,5050,5055)
(10466,1791,5015,5021,5032,5043)
(10467,739,5029,5023,5017,5006)
(10468,1792,5019,5030,5041,5052)
(10469,1377,5021,5032,5043,5048,5047,5052)
(10470,1796,5030,5024,5018,5007)
(10471,1797,5044,5039,5028,5017,5006,5000)
(10472,1340,5032,5026,5025,5024,5023,5017,5006)
(10473,1799,5028,5017,5006)
(10474,1778,5029,5023,5017,5006,5000)
(10475,731,5043,5032,5026,5025,5024,5023,5017,5006)
(10476,975,5022,5023,5024,5025,5026,5032,5043,5054)
(10477,974,5021,5026,5025,5024,5023,5028,5039,5050)
(10478,745,5015,5021,5032,5043,5048)
(10479,973,5041,5030,5024,5023,5017,5006,5000)
(10480,126,5048,5043,5032,5021,5010)
(10481,735,5028,5017,5006)
(10482,1341,5030,5024,5023,5017,5006)
(10483,1342,5019,5025,5026,5032,5043)
(10484,918,5043,5032,5026,5025,5024,5023,5017,5006)
(10485,1757,5003,5008,5019,5024,5029,5040)
(10486,122,5053,5048,5043,5032,5021,5010)
(10487,932,5019,5025,5026,5032,5043,5048,5053)
(10488,1343,5055,5050,5039,5028,5017,5006,5000)
(10489,1344,5041,5030,5024,5023,5017,5006,5000)
(10490,726,5048,5043,5032,5021,5015)
(10491,930,5006,5017,5028,5039,5050,5055)
(10492,117,5019,5030,5041)
(10493,700,5000,5006,5017,5023,5024,5025,5026,5032)
(10494,699,5003,5008,5019,5024,5029,5040,5051)
(10495,114,5022,5028,5039,5050,5056)
(10496,1345,5021,5032,5043,5054)
(10497,1037,5039,5028,5017,5011)
(10498,1761,5019,5030,5041)
(10499,1290,5010,5021,5032,5043,5048,5053)
(10500,692,5004,5003,5008,5019,5024,5023,5028,5039,5050,5055)
(10501,691,5032,5021,5010)
(10502,1347,5025,5026,5032,5043,5048,5053)
(10503,163,5006,5017,5028,5039,5050)
(10504,1029,5004,5003,5008,5019,5030,5041)
(10505,162,5008,5019,5024,5023,5028,5039,5050)
(10506,689,5055,5050,5039,5028,5023,5024,5019,5008,5003)
(10507,160,5030,5024,5023,5017,5006)
(10508,1289,5026,5032,5043,5048,5053)
(10509,1385,5022,5023,5024,5025,5026,5032,5043,5048,5053)
(10510,1059,5044,5039,5028,5017,5006,5001)
(10511,1765,5004,5003,5008,5019,5024,5029,5040)
(10512,1766,5018,5024,5025,5026,5032,5043,5054)
(10513,1268,5028,5017,5006,5000)
(10514,154,5026,5032,5043,5048,5053)
(10515,165,5028,5017,5006,5000)
(10516,1231,5006,5017,5023,5024,5025,5026,5032,5043,5054)
(10517,706,5055,5050,5039,5028,5023,5024,5025,5026,5021)
(10518,724,5024,5030,5041,5052)
(10519,1388,5055,5050,5039,5028,5023,5024,5019,5008,5003,5004)
(10520,1053,5032,5026,5025,5024,5023,5017,5006,5000)
(10521,149,5036,5030,5019,5008,5003)
(10522,722,5029,5023,5017,5006)
(10523,1232,5008,5019,5025,5026,5032,5043,5048)
(10524,1233,5041,5030,5024,5023,5017,5006)
(10525,1234,5043,5032,5026,5025,5024,5023,5017)
(10526,1235,5030,5041,5052)
(10527,1773,5051,5040,5029,5024,5019,5008,5003,5004)
(10528,145,5025,5026,5032,5043,5048,5053)
(10529,1775,5030,5041,5052)
(10530,1483,5044,5039,5028,5023,5024,5019,5008,5003,5004)
(10531,1481,5027,5016,5005)
(10532,1023,5028,5017,5006)
(10533,142,5006,5017,5028,5039,5044)
(10534,1823,5027,5016,5005)
(10535,710,5026,5032,5043,5054)
(10536,1480,5022,5028,5039,5050,5056)
(10537,1455,5048,5043,5032,5026,5025,5024,5023,5017,5011)
(10538,223,5027,5016,5005)
(10539,1456,5006,5017,5023,5024,5030,5036)
(10540,804,5004,5003,5008,5019,5024,5029,5040,5051)
(10541,110,5040,5029,5023,5017,5011)
(10542,1457,5053,5048,5043,5032,5021,5015)
(10543,1011,5039,5028,5023,5024,5019,5008,5003)
(10544,1827,5032,5043,5054)
(10545,377,5048,5043,5032,5026,5025,5024,5018,5007)
(10546,1236,5029,5023,5017,5006)
(10547,141,5036,5030,5019,5008,5003)
(10548,1829,5000,5006,5017,5023,5024,5025,5026,5032,5043,5048,5053)
(10549,1021,5039,5028,5023,5024,5019,5008,5003,5004)
(10550,1459,5017,5023,5024,5025,5026,5032,5043,5048,5053)
(10551,387,5030,5019,5008)
(10552,1830,5006,5017,5028,5039,5045)
(10553,994,5044,5039,5028,5017,5006)
(10554,143,5044,5039,5028,5017,5006)
(10555,996,5008,5019,5025,5026,5032,5043)
(10556,1460,5015,5021,5032,5043)
(10557,997,5011,5017,5023,5024,5025,5026,5032,5043,5054)
(10558,1237,5028,5039,5050)
(10559,1462,5021,5026,5025,5024,5029,5040,5051)
(10560,147,5008,5019,5030,5041,5052)
(10561,1833,5041,5030,5019,5008,5003,5004)
(10562,392,5036,5030,5024,5018,5007)
(10563,1465,5022,5023,5024,5030,5041,5052)
(10564,1466,5050,5039,5028)
(10565,1839,5039,5028,5017,5006)
(10566,1839,5024,5025,5026,5032,5043,5054)
(10567,1058,5012,5017,5028,5039,5050,5055)
(10568,433,5052,5041,5030,5019,5008,5003,5004)
(10569,1840,5008,5019,5024,5023,5028,5039,5050)
(10570,157,5041,5030,5019,5008)
(10571,158,5021,5026,5025,5024,5023,5028,5039,5050,5055)
(10572,440,5022,5028,5039,5050)
(10573,1469,5026,5032,5043,5054)
(10574,1239,5041,5030,5024,5023,5017,5006)
(10575,1843,5055,5050,5039,5028,5023,5024,5019)
(10576,421,5044,5039,5028,5023,5024,5019,5008)
(10577,2,5027,5016,5005)
(10578,1470,5054,5043,5032,5026,5025,5024,5023,5017)
(10579,1247,5025,5026,5032,5043,5048,5053)
(10580,1032,5048,5043,5032,5026,5025,5024,5023,5017,5006)
(10581,1472,5026,5032,5043,5054)
(10582,1240,5032,5043,5054)
(10583,1803,5054,5043,5032,5026,5025,5024,5023)
(10584,1804,5028,5017,5006)
(10585,137,5040,5029,5023,5017,5006,5000)
(10586,115,5040,5029,5024,5019,5008,5003)
(10587,116,5055,5050,5039,5028,5017,5006,5000)
(10588,1805,5001,5006,5017,5028,5039,5050,5055)
(10589,1044,5030,5019,5008)
(10590,989,5006,5017,5023,5024,5030,5041)
(10591,947,5026,5032,5043,5054)
(10592,1805,5027,5016,5005)
(10593,1241,5006,5017,5023,5029)
(10594,1242,5023,5024,5025,5026,5032,5043,5048,5053)
(10595,1808,5032,5043,5054)
(10596,1474,5014,5019,5030,5041,5052)
(10597,917,5032,5043,5054)
(10598,123,5022,5028,5039,5050)
(10599,1511,5007,5018,5024,5025,5026,5032)
(10600,416,5021,5026,5025,5024,5023,5028,5039,5050)
(10601,1244,5044,5039,5028,5017,5006,5000)
(10602,124,5000,5006,5017,5028,5039,5050,5055)
(10603,1811,5024,5025,5026,5032,5043,5048,5053)
(10604,1812,5010,5021,5032,5043,5048)
(10605,127,5050,5039,5028,5023,5024,5019,5008,5003,5004)
(10606,410,5018,5024,5025,5026,5032,5043)
(10607,409,5015,5021,5032,5043,5054)
(10608,1476,5019,5025,5026,5032,5043,5048,5053)
(10609,408,5039,5028,5017,5006,5001)
(10610,406,5032,5026,5025,5024,5023,5017,5006,5000)
(10611,404,5027,5016,5005)
(10612,1245,5019,5025,5026,5032,5043,5048,5053)
(10613,1246,5030,5041,5052)
(10614,403,5048,5043,5032,5021,5010,5004)
(10615,1510,5018,5024,5025,5026,5032,5043,5048)
(10616,401,5021,5026,5025,5024,5029,5040,5051)
(10617,1819,5028,5017,5006,5000)
(10618,1820,5053,5048,5043,5032,5026,5025,5024,5023,5017,5006,5000)
(10619,1817,5019,5030,5041)
(10620,1816,5017,5028,5039,5050,5056)
(10621,131,5055,5050,5039,5028,5022)
(10622,961,5007,5018,5029,5035,5036)
(10623,1230,5021,5026,5025,5024,5023,5028,5039,5050,5055)
(10624,135,5052,5041,5030,5024,5023,5017)
(10625,441,5017,5028,5039,5050)
(10626,965,5015,5021,5032,5043,5048)
(10627,152,5043,5032,5026,5025,5024,5018)
(10628,166,5003,5008,5019,5024,5029,5040)
(10629,1590,5018,5024,5025,5026,5032,5043,5054)
(10630,1229,5044,5039,5028,5023,5024,5019,5008,5003,5004)
(10631,1814,5017,5028,5039,5050,5055)
(10632,1809,5011,5017,5028,5039)
(10633,1806,5000,5006,5017,5023,5029,5035,5041,5052)
(10634,1605,5026,5032,5043,5048,5053)
(10635,201,5026,5032,5043,5054)
(10636,1844,5017,5023,5024,5025,5026,5032,5043)
(10637,1040,5030,5041,5052)
(10638,1841,5040,5029,5023,5017,5006)
(10639,1837,5029,5023,5017,5006,5000)
(10640,203,5019,5025,5026,5032,5043,5048)
(10641,1001,5041,5030,5024,5023,5017,5011)
(10642,430,5052,5041,5030,5024,5023,5017,5006)
(10643,1835,5003,5008,5019,5030,5041,5052)
(10644,1228,5036,5030,5019,5008)
(10645,1617,5055,5050,5039,5028,5023,5024,5025,5026,5021)
(10646,1227,5051,5040,5029,5024,5019,5008,5003,5004)
(10647,1832,5004,5010,5021,5032,5043)
(10648,1831,5039,5028,5023,5024,5019,5008,5003,5004)
(10649,205,5000,5006,5017,5023,5029)
(10650,206,5019,5025,5026,5032,5043,5048,5053)
(10651,1212,5022,5023,5024,5025,5026,5032,5043,5048,5053)
(10652,1598,5003,5008,5019,5030,5041)
(10653,423,5003,5008,5019,5024,5023,5028,5039,5050,5055)
(10654,1213,5028,5017,5006,5000)
(10655,422,5043,5032,5026,5025,5024,5023,5017,5006,5000)
(10656,221,5039,5028,5017)
(10657,1601,5021,5032,5043,5048,5053)
(10658,1592,5021,5026,5025,5024,5023,5028,5039,5050)
(10659,215,5003,5008,5019,5030,5041,5052)
(10660,379,5040,5029,5023,5017,5006,5000)
(10661,1214,5053,5048,5043,5032,5026,5025,5024,5023,5022)
(10662,1826,5032,5026,5025,5024,5023,5017,5006,5000)
(10663,389,5032,5043,5054)
(10664,391,5008,5019,5030,5041)
(10665,1802,5018,5024,5025,5026,5032,5043)
(10666,380,5024,5025,5026,5032,5043,5054)
(10667,1600,5030,5024,5023,5017,5006)
(10668,931,5014,5019,5024,5023,5028,5039,5050,5055)
(10669,1777,5053,5048,5043,5032,5021,5010,5004)
(10670,936,5006,5017,5023,5024,5030)
(10671,1215,5006,5017,5023,5024,5025,5026,5032,5043,5054)
(10672,1216,5017,5028,5039,5050,5055)
(10673,388,5023,5024,5025,5026,5032,5043,5048,5053)
(10674,195,5055,5050,5039,5028,5017,5012)
(10675,180,5025,5026,5032,5043,5048,5053)
(10676,967,5024,5025,5026,5032,5043,5054)
(10677,1770,5026,5032,5043,5054)
(10678,1217,5019,5025,5026,5032,5043)
(10679,1218,5001,5006,5017,5028,5039)
(10680,1618,5008,5019,5030,5041)
(10681,174,5019,5025,5026,5032,5043,5048)
(10682,175,5048,5043,5032,5026,5025,5024,5018)
(10683,1764,5007,5018,5024,5025,5026,5032,5043)
(10684,1548,5043,5032,5026,5025,5024,5023,5017,5006,5000)
(10685,1219,5011,5017,5023,5024,5025,5026,5032,5043,5048,5053)
(10686,1760,5036,5030,5019,5008)
(10687,1759,5036,5030,5019,5008)
(10688,1535,5003,5008,5019,5030,5036)
(10689,1220,5005,5016,5027)
(10690,1221,5055,5050,5039,5028,5023,5024,5025,5026,5021)
(10691,1222,5041,5030,5024,5018,5007)
(10692,1793,5030,5024,5018,5007)
(10693,1223,5048,5043,5032,5021,5010)
(10694,1224,5007,5018,5029)
(10695,1225,5054,5043,5032,5026,5025,5024,5023,5017)
(10696,958,5032,5043,5054)
(10697,193,5040,5029,5024,5019,5008,5003,5004)
(10698,1782,5043,5032,5021,5015)
(10699,1545,5017,5023,5024,5030,5041,5052)
(10700,1545,5028,5039,5050)
(10701,1226,5017,5023,5024,5030,5041,5052)
(10702,539,5000,5006,5017,5023,5029,5035)
(10703,1531,5055,5050,5039,5028,5017,5006)
(10704,189,5028,5017,5006)
(10705,951,5028,5039,5050,5056)
(10706,534,5043,5032,5026,5025,5019,5008)
(10707,950,5032,5026,5025,5024,5023,5017,5006)
(10708,1238,5030,5041,5052)
(10709,190,5006,5017,5023,5029)
(10710,1248,5048,5043,5032,5026,5025,5024,5023,5017,5006)
(10711,533,5015,5021,5032,5043)
(10712,1912,5030,5041,5052)
(10713,1905,5027,5016,5005)
(10714,1249,5030,5019,5008)
(10715,531,5053,5048,5043,5032,5026,5025,5024,5023,5017)
(10716,191,5043,5032,5026,5025,5024,5023,5017,5011)
(10717,1250,5043,5032,5021)
(10718,1513,5007,5018,5029,5035)
(10719,1900,5019,5025,5026,5032,5043,5048)
(10720,1271,5054,5043,5032,5026,5025,5019,5008)
(10721,1515,5039,5028,5023,5024,5019,5008,5003)
(10722,113,5054,5043,5032,5021,5010)
(10723,112,5023,5024,5025,5026,5032,5043,5048,5053)
(10724,971,5043,5032,5026,5025,5024,5023,5017,5006,5000)
(10725,1898,5029,5040,5051)
(10726,1914,5017,5028,5039,5050,5055)
(10727,526,5055,5050,5039,5028,5017,5012)
(10728,949,5006,5017,5023,5024,5025,5026,5032,5043,5054)
(10729,525,5006,5017,5028,5039,5044)
(10730,1937,5044,5039,5028,5023,5024,5019,5008)
(10731,522,5032,5043,5054)
(10732,521,5008,5019,5025,5026,5032,5043,5048)
(10733,1521,5053,5048,5043,5032,5021,5010,5004)
(10734,33,5011,5017,5023,5024,5025,5026,5032,5043,5054)
(10735,1931,5029,5023,5017,5006)
(10736,923,5006,5017,5023,5024,5025,5026,5032,5043,5048)
(10737,518,5006,5017,5028)
(10738,1928,5041,5030,5024,5018)
(10739,1526,5026,5032,5043,5054)
(10740,919,5039,5028,5017,5006,5000)
(10741,1527,5018,5029,5040)
(10742,1922,5025,5026,5032,5043,5048,5053)
(10743,1272,5032,5043,5054)
(10744,516,5023,5024,5025,5026,5032,5043,5054)
(10745,915,5011,5017,5023,5024,5025,5026,5032,5043)
(10746,914,5048,5043,5032,5026,5025,5024,5023,5017)
(10747,38,5011,5017,5023,5024,5030,5041,5052)
(10748,550,5011,5017,5028,5039,5050,5056)
(10749,1273,5017,5028,5039,5050)
(10750,582,5036,5030,5024,5023,5017,5006)
(10751,1570,5014,5019,5024,5023,5028,5039,5050,5055)
(10752,44,5000,5006,5017,5023,5029,5035,5041,5052)
(10753,581,5022,5023,5024,5025,5026,5032,5043,5048,5053)
(10754,1571,5019,5025,5026,5032,5043,5054)
(10755,1274,5030,5024,5023,5017,5006)
(10756,1574,5001,5006,5017,5028,5039,5050)
(10757,1577,5028,5017,5006)
(10758,1275,5054,5043,5032,5026,5025,5024,5023,5017,5011)
(10759,1863,5019,5025,5026,5032,5043,5054)
(10760,575,5032,5043,5054)
(10761,52,5017,5028,5039,5045)
(10762,1862,5053,5048,5043,5032,5026)
(10763,1580,5008,5019,5025,5026,5032,5043,5054)
(10764,1856,5008,5019,5025,5026,5032,5043,5054)
(10765,1855,5036,5030,5019,5008,5003)
(10766,1585,5017,5028,5039,5050,5056)
(10767,1276,5027,5016,5005)
(10768,1586,5028,5017,5006)
(10769,1568,5011,5017,5028,5039,5050,5055)
(10770,1868,5019,5024,5023,5028,5039,5050)
(10771,567,5054,5043,5032,5026,5025,5019,5008)
(10772,933,5017,5028,5039)
(10773,1551,5028,5039,5050,5056)
(10774,566,5019,5024,5029,5040,5051)
(10775,1871,5000,5006,5017,5023,5029,5035,5041)
(10776,565,5018,5024,5025,5026,5032,5043)
(10777,1887,5029,5023,5017,5006,5000)
(10778,1886,5030,5041,5052)
(10779,1556,5040,5029,5024,5019,5008,5003,5004)
(10780,1884,5011,5017,5028,5039)
(10781,8,5032,5043,5054)
(10782,1045,5050,5039,5028,5023,5024,5019)
(10783,1559,5025,5026,5032,5043,5048,5053)
(10784,1277,5048,5043,5032,5021,5010,5004)
(10785,11,5026,5032,5043,5048,5053)
(10786,1279,5032,5043,5054)
(10787,1561,5004,5003,5008,5019,5024,5023,5028,5039)
(10788,1287,5040,5029,5018)
(10789,1280,5017,5028,5039)
(10790,1281,5036,5030,5019,5008)
(10791,16,5039,5028,5023,5024,5019,5008,5003)
(10792,1282,5019,5025,5026,5032,5043,5048)
(10793,1564,5032,5043,5054)
(10794,1047,5054,5043,5032,5026,5025,5024,5018)
(10795,1062,5012,5017,5028,5039,5050)
(10796,20,5053,5048,5043,5032,5026,5025,5024,5023,5017,5006,5000)
(10797,1061,5024,5025,5026,5032,5043,5048,5053)
(10798,554,5032,5043,5054)
(10799,1064,5029,5040,5051)
(10800,1056,5044,5039,5028,5023,5024,5019,5008,5003,5004)
(10801,1283,5043,5032,5026,5025,5024,5023,5017)
(10802,515,5041,5030,5024,5023,5017,5006)
(10803,1588,5036,5030,5024,5018,5007)
(10804,24,5039,5028,5023,5024,5019,5008,5003)
(10805,1658,5038,5027,5016)
(10806,1647,5040,5029,5018,5007)
(10807,1051,5050,5039,5028,5023,5024,5019)
(10808,1646,5056,5050,5039,5028,5017,5006,5000)
(10809,1049,5036,5030,5024,5023,5017,5006)
(10810,1284,5017,5028,5039,5050,5056)
(10811,1558,5039,5028,5017,5011)
(10812,1027,5050,5039,5028,5017,5012)
(10813,1557,5024,5025,5026,5032,5043,5054)
(10814,1660,5003,5008,5019,5030,5041,5052)
(10815,1556,5006,5017,5028,5039,5050,5055)
(10816,1285,5000,5006,5017,5023,5024,5025,5026,5032,5043)
(10817,1555,5054,5043,5032,5021,5015)
(10818,1567,5011,5017,5028,5039,5050,5055)
(10819,471,5000,5006,5017,5028,5039)
(10820,1286,5011,5017,5023,5024,5025,5026,5032,5043,5048,5053)
(10821,469,5032,5026,5025,5024,5018,5007)
(10822,1270,5054,5043,5032,5026,5025,5024,5018,5007)
(10823,467,5050,5039,5028,5023,5024,5019,5008)
(10824,464,5030,5019,5008)
(10825,89,5048,5043,5032,5026,5025,5024,5023,5017,5006)
(10826,463,5004,5003,5008,5019,5030,5041,5052)
(10827,462,5030,5041,5052)
(10828,1668,5041,5030,5024,5018,5007)
(10829,1569,5001,5006,5017,5028,5039,5050)
(10830,1584,5023,5024,5030,5041,5052)
(10831,1278,5004,5003,5008,5019,5024,5029,5040)
(10832,92,5055,5050,5039,5028,5023,5024,5019,5008,5003,5004)
(10833,459,5024,5025,5026,5032,5043,5054)
(10834,458,5052,5047,5048,5043,5032,5021)
(10835,1582,5041,5030,5024,5023,5017)
(10836,455,5007,5018,5024,5025,5026,5032)
(10837,96,5025,5026,5032,5043,5054)
(10838,1581,5000,5006,5017,5023,5024,5025,5026,5032,5043,5048,5053)
(10839,1578,5054,5043,5032,5026)
(10840,584,5032,5043,5054)
(10841,1017,5030,5041,5052)
(10842,1576,5011,5017,5028,5039,5050,5055)
(10843,99,5001,5006,5017,5028,5039,5044)
(10844,1013,5041,5030,5019,5008,5003,5004)
(10845,1575,5029,5023,5017,5006)
(10846,1012,5015,5021,5032,5043,5054)
(10847,908,5000,5006,5017,5028,5039,5044)
(10848,1572,5011,5017,5023,5024,5030,5041,5052)
(10849,450,5044,5039,5028,5017,5006,5000)
(10850,101,5015,5021,5032,5043)
(10851,1635,5019,5024,5023,5028,5039,5050)
(10852,448,5040,5029,5023,5017,5006)
(10853,447,5030,5019,5008)
(10854,1269,5028,5017,5006)
(10855,756,5021,5032,5043,5048,5047,5052)
(10856,460,5019,5024,5023,5028,5039,5050,5055)
(10857,1732,5019,5025,5026,5032,5043,5048,5053)
(10858,1525,5018,5024,5025,5026,5032,5043,5048)
(10859,105,5010,5021,5032)
(10860,511,5029,5023,5017,5006)
(10861,1258,5025,5026,5032,5043,5054)
(10862,1524,5007,5018,5029,5035,5041,5052)
(10863,509,5044,5039,5028,5017,5006,5000)
(10864,798,5017,5028,5039,5050,5056)
(10865,794,5053,5048,5043,5032,5026,5025,5024,5023,5017,5011)
(10866,1251,5032,5021,5010,5004)
(10867,1252,5011,5017,5023,5024,5025,5026,5032,5043)
(10868,1253,5025,5026,5032,5043,5054)
(10869,1254,5024,5030,5041,5052)
(10870,1720,5050,5039,5028)
(10871,777,5017,5023,5024,5030,5041)
(10872,508,5025,5026,5032,5043,5054)
(10873,1255,5030,5024,5023,5017,5006)
(10874,1516,5030,5024,5018,5007)
(10875,1256,5023,5024,5025,5026,5032,5043,5054)
(10876,1257,5027,5016,5005)
(10877,1749,5039,5028,5017,5006,5000)
(10878,1259,5004,5003,5008,5019,5024,5023,5028,5039,5050)
(10879,1512,5025,5026,5032,5043,5048,5053)
(10880,1530,5026,5032,5043,5048,5053)
(10881,1547,5017,5023,5024,5030,5041,5052)
(10882,97,5004,5003,5008,5019,5024,5029,5040,5051)
(10883,1267,5029,5023,5017,5006)
(10884,793,5007,5018,5029,5040)
(10885,1260,5055,5050,5039,5028,5023,5024,5019,5014)
(10886,69,5053,5048,5043,5032,5026,5025,5024,5018)
(10887,500,5054,5043,5032,5021)
(10888,1261,5040,5029,5024,5019,5008,5003)
(10889,498,5036,5030,5024,5023,5017,5006,5000)
(10890,59,5024,5030,5041,5052)
(10891,1693,5027,5016,5005)
(10892,1543,5030,5024,5023,5017,5006)
(10893,762,5052,5041,5030,5024,5018,5007)
(10894,496,5039,5028,5017,5011)
(10895,1262,5040,5029,5018)
(10896,1539,5005,5016,5027)
(10897,1711,5029,5018,5007)
(10898,1533,5017,5023,5024,5025,5026,5032,5043,5048,5053)
(10899,494,5006,5017,5028)
(10900,493,5019,5024,5023,5028,5039,5050)
(10901,803,5029,5018,5007)
(10902,1532,5043,5032,5021,5010,5004)
(10903,491,5000,5006,5017,5023,5024,5025,5026,5032,5043,5048)
(10904,1263,5011,5017,5028,5039,5050)
(10905,64,5014,5019,5024,5023,5028,5039,5050)
(10906,1264,5003,5008,5019,5024,5023,5028,5039)
(10907,1265,5029,5023,5017,5006)
(10908,65,5051,5040,5029,5024,5019)
(10909,1710,5036,5030,5024,5023,5017,5006)
(10910,1616,5055,5050,5039,5028,5017,5006,5001)
(10911,1607,5000,5006,5017,5023,5024,5025,5026,5032,5043,5054)
(10912,68,5052,5041,5030,5024,5023,5017,5006,5000)
(10913,1604,5028,5017,5006,5000)
(10914,70,5028,5017,5006)
(10915,71,5003,5008,5019,5030,5041)
(10916,1602,5017,5023,5024,5025,5026,5032,5043,5048)
(10917,487,5019,5025,5026,5032,5043)
(10918,486,5003,5008,5019,5024,5029,5040)
(10919,1589,5030,5024,5023,5017,5006,5000)
(10920,484,5003,5008,5019,5024,5023,5028,5039,5050)
(10921,78,5055,5050,5039,5028,5023,5024,5019,5008)
(10922,1681,5014,5019,5024,5023,5028,5039,5050)
(10923,781,5003,5008,5019,5024,5023,5028,5039,5050,5055)
(10924,782,5043,5032,5021,5010,5004)
(10925,1266,5024,5025,5026,5032,5043,5048,5053)
(10926,482,5054,5043,5032)
(10927,481,5044,5039,5028,5023,5024,5019,5008,5003)
(10928,222,5056,5050,5039,5028,5017)
(10929,523,5006,5017,5028,5039,5050)
(10930,1631,5029,5023,5017,5006,5000)
(10931,1288,5027,5016,5005)
(10932,483,5030,5019,5008)
(10933,1628,5044,5039,5028,5017,5006,5001)
(10934,353,5029,5018,5007)
(10935,1367,5028,5017,5006)
(10936,1606,5007,5018,5029,5035)
(10937,1642,5039,5028,5017,5011)
(10938,346,5028,5017,5006)
(10939,313,5050,5039,5028,5023,5024,5019)
(10940,1680,5025,5026,5032,5043,5048,5053)
(10941,776,5023,5024,5030,5041,5052)
(10942,1649,5029,5023,5017,5006,5000)
(10943,1453,5008,5019,5030,5041)
(10944,1381,5030,5024,5023,5017,5006)
(10945,1622,5030,5024,5023,5017,5006,5000)
(10946,1632,5000,5006,5017,5023,5024,5025,5026,5032,5043,5048,5053)
(10947,1709,5029,5023,5017,5006)
(10948,1612,5032,5043,5054)
(10949,339,5032,5021,5010)
(10950,338,5048,5043,5032,5026,5025,5019)
(10951,503,5050,5039,5028,5017,5012)
(10952,1371,5029,5023,5017,5006,5000)
(10953,1376,5055,5050,5039,5028,5017,5006,5000)
(10954,329,5030,5041,5052)
(10955,1379,5019,5025,5026,5032,5043,5048)
(10956,1738,5027,5016,5005)
(10957,328,5004,5003,5008,5019,5024,5023,5028,5039,5050,5055)
(10958,326,5053,5048,5043,5032,5026)
(10959,879,5001,5006,5017,5028,5039,5050,5055)
(10960,1385,5052,5041,5030,5024)
(10961,878,5048,5043,5032,5021,5010,5004)
(10962,1745,5005,5016,5027)
(10963,1522,5040,5029,5023,5017,5006,5000)
(10964,1369,5006,5017,5028,5039,5050)
(10965,1523,5024,5025,5026,5032,5043,5048,5053)
(10966,1390,5003,5008,5019,5024,5023,5028,5039,5050,5055)
(10967,873,5008,5019,5030,5036)
(10968,872,5052,5041,5030,5019,5008,5003)
(10969,871,5056,5050,5039,5028,5017,5011)
(10970,1389,5053,5048,5043,5032,5026,5025,5024,5023,5022)
(10971,880,5015,5021,5032,5043,5048,5053)
(10972,1669,5048,5043,5032,5021,5010)
(10973,1381,5048,5043,5032,5021,5015)
(10974,1644,5008,5019,5025,5026,5032)
(10975,454,5039,5028,5023,5024,5019,5008,5003)
(10976,1874,5041,5030,5019,5008,5003,5004)
(10977,367,5019,5030,5041)
(10978,1406,5055,5050,5039,5028,5023,5024,5019,5008,5003,5004)
(10979,457,5054,5043,5032)
(10980,1562,5025,5026,5032,5043,5054)
(10981,354,5000,5006,5017,5028,5039)
(10982,1877,5054,5043,5032,5026,5025)
(10983,1880,5001,5006,5017,5028,5039,5050)
(10984,362,5027,5016,5005)
(10985,1408,5008,5019,5024,5029,5040,5051)
(10986,334,5054,5043,5032,5026,5025,5024,5023,5017,5006,5000)
(10987,862,5043,5032,5021,5015)
(10988,1401,5019,5025,5026,5032,5043,5048)
(10989,861,5019,5025,5026,5032,5043,5048,5053)
(10990,1867,5039,5028,5023,5024,5019,5008,5003)
(10991,472,5039,5028,5023,5024,5019,5008,5003,5004)
(10992,859,5021,5032,5043,5054)
(10993,1550,5041,5030,5024,5023,5017,5006,5000)
(10994,474,5000,5006,5017,5023,5024,5025,5026,5032,5043,5054)
(10995,250,5028,5017,5006,5000)
(10996,1402,5014,5019,5024,5029,5040,5051)
(10997,1384,5017,5023,5024,5025,5026,5032,5043)
(10998,882,5030,5024,5023,5017,5006)
(10999,254,5021,5026,5025,5024,5023,5028,5039,5050,5055)
(11000,552,5019,5024,5023,5028,5039,5050)
(11001,1901,5051,5040,5029,5024,5019,5014)
(11002,894,5032,5021,5010)
(11003,555,5000,5006,5017,5028,5039,5050)
(11004,1902,5032,5043,5054)
(11005,557,5019,5024,5029,5040,5051)
(11006,558,5029,5040,5051)
(11007,261,5022,5028,5039,5050,5055)
(11008,904,5025,5026,5032,5043,5054)
(11009,262,5023,5024,5030,5041,5052)
(11010,1375,5017,5023,5024,5025,5026,5032,5043,5054)
(11011,1397,5032,5021,5010)
(11012,1546,5050,5039,5028,5017,5012)
(11013,1387,5025,5026,5032,5043,5048,5053)
(11014,1794,5007,5018,5029,5035)
(11015,1795,5019,5024,5029,5040,5051)
(11016,1386,5053,5048,5043,5032,5026,5025)
(11017,1382,5053,5048,5043,5032,5026,5025,5024,5018)
(11018,564,5052,5041,5030,5019,5008,5003)
(11019,1767,5015,5021,5032,5043)
(11020,1377,5030,5041,5052)
(11021,236,5052,5041,5030,5024,5023,5017,5006)
(11022,1591,5007,5018,5024,5025,5026,5032,5043,5048,5053)
(11023,586,5019,5030,5041)
(11024,896,5022,5028,5039,5050,5055)
(11025,1396,5040,5029,5023,5017)
(11026,1398,5000,5006,5017,5023,5024,5025,5026,5032,5043)
(11027,1610,5029,5040,5051)
(11028,244,5011,5017,5023,5024,5025,5026,5032,5043,5054)
(11029,577,5036,5030,5019,5008)
(11030,578,5023,5024,5025,5026,5032,5043,5054)
(11031,580,5052,5041,5030,5024)
(11032,291,5027,5016,5005)
(11033,551,5039,5028,5017,5006,5000)
(11034,1399,5017,5023,5024,5025,5026,5032,5043,5054)
(11035,583,5007,5018,5029,5040)
(11036,1815,5028,5017,5006,5000)
(11037,300,5029,5040,5051)
(11038,1405,5022,5028,5039,5050,5055)
(11039,1403,5023,5024,5025,5026,5032,5043,5048,5053)
(11040,520,5007,5018,5024,5025,5026,5032,5043)
(11041,1478,5019,5030,5041,5052)
(11042,1810,5021,5032,5043,5054)
(11043,1807,5021,5032,5043,5048,5053)
(11044,527,5000,5006,5017,5023,5029,5035,5041)
(11045,1400,5054,5043,5032,5026,5025)
(11046,1822,5051,5040,5029,5024,5019,5014)
(11047,1825,5021,5032,5043,5054)
(11048,272,5051,5040,5029,5024,5019,5008,5003,5004)
(11049,1407,5008,5019,5030)
(11050,1772,5041,5030,5024,5023,5017,5006,5000)
(11051,535,5028,5017,5006,5000)
(11052,536,5029,5018,5007)
(11053,1378,5028,5039,5050,5056)
(11054,275,5050,5039,5028)
(11055,538,5053,5048,5043,5032,5026,5025,5019,5008)
(11056,278,5039,5028,5023,5024,5019,5008)
(11057,542,5043,5032,5021,5015)
(11058,282,5027,5016,5005)
(11059,543,5052,5041,5030,5024)
(11060,284,5022,5023,5024,5025,5026,5032,5043,5048,5053)
(11061,1387,5041,5030,5019,5008,5003,5004)
(11062,549,5030,5041,5052)
(11063,1386,5032,5021,5010,5004)
(11064,1380,5052,5041,5030,5024,5023,5022)
(11065,256,5027,5016,5005)
(11066,822,5023,5024,5025,5026,5032,5043,5048,5053)
(11067,1762,5040,5029,5023,5017,5011)
(11068,1384,5027,5016,5005)
(11069,1383,5006,5017,5028,5039,5045)
(11070,1374,5050,5039,5028,5023,5024,5019,5008,5003,5004)
(11071,1789,5017,5023,5024,5030,5041,5052)
(11072,1487,5023,5024,5030,5041,5052)
(11073,1393,5055,5050,5039,5028,5023,5024,5019)
(11074,1392,5056,5050,5039,5028,5017,5006,5000)
(11075,1417,5054,5043,5032,5026,5025)
(11076,381,5014,5019,5024,5023,5028,5039,5050)
(11077,280,5026,5032,5043,5048,5053)
(11078,828,5052,5041,5030,5024,5023,5017,5011)
(11079,286,5040,5029,5023,5017,5011)
(11080,273,5043,5032,5026,5025,5024,5023,5017,5006)
(11081,384,5029,5023,5017,5006)
(11082,1895,5029,5018,5007)
(11083,1395,5008,5019,5024,5023,5028,5039)
(11084,1925,5048,5043,5032,5021,5010)
(11085,812,5051,5040,5029,5018,5007)
(11086,1440,5055,5050,5039,5028,5017)
(11087,302,5040,5029,5018,5007)
(11088,1409,5024,5025,5026,5032,5043,5054)
(11089,1444,5051,5040,5029,5024,5019,5008,5003,5004)
(11090,428,5052,5041,5030,5024,5023,5017,5006)
(11091,811,5036,5030,5024,5023,5017,5006)
(11092,810,5018,5029,5040)
(11093,268,5032,5043,5054)
(11094,1449,5008,5019,5030,5041,5052)
(11095,396,5025,5026,5032,5043,5048,5053)
(11096,1428,5003,5008,5019,5030,5036)
(11097,807,5011,5017,5023,5024,5025,5026,5032,5043,5054)
(11098,1413,5048,5043,5032,5021,5010)
(11099,1420,5055,5050,5039,5028,5022)
(11100,1862,5051,5040,5029,5024,5019,5014)
(11101,437,5032,5021,5010)
(11102,1861,5056,5050,5039,5028,5017,5011)
(11103,816,5041,5030,5019,5008,5003,5004)
(11104,1859,5017,5028,5039)
(11105,1477,5041,5030,5024,5018)
(11106,230,5043,5032,5026,5025,5024,5023,5017,5006)
(11107,233,5051,5040,5029,5024,5019,5008)
(11108,402,5053,5048,5043,5032,5026,5025,5024,5023)
(11109,411,5030,5041,5052)
(11110,831,5032,5026,5025,5024,5023,5017,5006,5000)
(11111,1476,5028,5017,5006,5000)
(11112,414,5014,5019,5024,5023,5028,5039,5050)
(11113,247,5040,5029,5024,5019,5008,5003)
(11114,1890,5030,5024,5023,5017,5006,5000)
(11115,1888,5021,5026,5025,5024,5023,5028,5039,5050)
(11116,851,5017,5028,5039,5045)
(11117,413,5028,5017,5006,5000)
(11118,1459,5039,5028,5017,5011)
(11119,1370,5021,5032,5043,5054)
(11120,407,5052,5041,5030,5024,5023,5017)
(11121,1374,5039,5028,5017,5006,5001)
(11122,1457,5027,5016,5005)
(11123,314,5030,5041,5052)
(11124,1656,5040,5029,5023,5017,5006)
(11125,1508,5032,5043,5054)
(11126,846,5026,5032,5043,5054)
(11127,320,5036,5030,5024,5023,5017,5006,5000)
(11128,325,5028,5039,5050)
(11129,1503,5027,5016,5005)
(11130,854,5021,5026,5025,5024,5023,5028,5039,5050,5055)
(11131,435,5040,5029,5023,5017,5006,5000)
(11132,843,5029,5023,5017,5006)
(11133,1391,5029,5023,5017,5006,5000)
(11134,841,5056,5050,5039,5028)
(11135,432,5017,5028,5039)
(11136,840,5052,5041,5030,5019,5008,5003)
(11137,1394,5000,5006,5017,5023,5024,5025,5026,5032,5043,5048)
(11138,335,5036,5030,5024,5023,5017,5006)
(11139,1490,5041,5030,5024,5023,5017,5006,5000)
(11140,1667,5038,5027,5016)
(11141,1488,5048,5043,5032,5026,5025,5024,5023,5017,5006,5000)
(11142,1484,5041,5030,5024,5018,5007)
(11143,1725,5025,5026,5032,5043,5054)
(11144,1724,5019,5025,5026,5032,5043)
(11145,324,5024,5030,5041,5052)
(11146,1388,5006,5017,5023,5024,5030,5041)
(11147,1417,5004,5010,5021,5032,5043,5048)
(11148,835,5017,5028,5039,5050)
(11149,1373,5056,5050,5039,5028,5017,5011)
(11150,372,5008,5019,5030,5041,5052)
(11151,1432,5055,5050,5039,5028,5022)
(11152,1404,5028,5017,5006)
(11153,1425,5030,5041,5052)
(11154,1211,5021,5032,5043,5054)
(11155,1243,5055,5050,5039,5028,5022)
(11156,1209,5026,5032,5043,5048,5053)
(11157,1073,5021,5026,5025,5024,5029,5040,5051)
(11158,832,5012,5017,5028,5039,5050,5055)
(11159,1647,5007,5018,5029)
(11160,1672,5004,5010,5021,5032,5043,5054)
(11161,833,5050,5039,5028,5023,5024,5025,5026,5021)
(11162,1638,5007,5018,5029)
(11163,1730,5017,5023,5024,5025,5026,5032,5043)
(11164,1721,5003,5008,5019,5024,5023,5028,5039)
(11165,1443,5055,5050,5039,5028,5023,5024,5025,5026,5021)
(11166,1742,5029,5023,5017,5006,5000)
(11167,1423,5000,5006,5017,5023,5024,5025,5026,5032)
(11168,1716,5025,5026,5032,5043,5054)
(11169,834,5026,5032,5043,5048,5053)
(11170,1416,5010,5021,5032,5043,5048)
(11171,349,5048,5043,5032,5026,5025,5024,5023,5017,5011)
(11172,1419,5028,5039,5050)
(11173,390,5029,5023,5017,5006)
(11174,1085,5022,5023,5024,5025,5026,5032,5043,5048,5053)
(11175,343,5032,5021,5010,5004)
(11176,419,5016,5027,5038)
(11177,1488,5054,5043,5032,5026,5025,5024,5023,5017,5006,5000)
(11178,424,5025,5026,5032,5043,5054)
(11179,341,5007,5018,5029)
(11180,1620,5008,5019,5024,5029,5040)
(11181,1082,5008,5019,5024,5023,5028,5039,5050)
(11182,1492,5038,5027,5016)
(11183,333,5043,5032,5026,5025,5019)
(11184,1496,5011,5017,5023,5024,5030,5041,5052)
(11185,1081,5011,5017,5023,5024,5030,5041,5052)
(11186,844,5030,5024,5018,5007)
(11187,319,5028,5017,5006,5000)
(11188,315,5006,5017,5023,5024,5025,5026,5032,5043)
(11189,420,5011,5017,5023,5024,5030,5041)
(11190,1074,5055,5050,5039,5028,5023,5024,5025,5026,5021)
(11191,1873,5000,5006,5017,5028,5039,5050,5055)
(11192,400,5029,5023,5017,5006)
(11193,849,5005,5016,5027)
(11194,1479,5003,5008,5019,5024,5029,5040)
(11195,1882,5041,5030,5024,5023,5017,5006,5000)
(11196,1884,5015,5021,5032,5043,5054)
(11197,310,5014,5019,5024,5023,5028,5039,5050,5055)
(11198,309,5014,5019,5030,5041,5052)
(11199,249,5026,5032,5043,5054)
(11200,1105,5021,5032,5043,5054)
(11201,243,5036,5030,5024,5018,5007)
(11202,1070,5019,5025,5026,5032,5043,5048)
(11203,436,5023,5024,5025,5026,5032,5043,5048,5053)
(11204,806,5039,5028,5023,5024,5019,5008,5003)
(11205,1101,5026,5032,5043,5054)
(11206,238,5001,5006,5017,5028,5039,5050)
(11207,809,5003,5008,5019,5030,5041)
(11208,425,5043,5032,5026,5025,5024,5023,5017,5011)
(11209,296,5000,5006,5017,5023,5024,5025,5026,5032,5043,5054)
(11210,374,5010,5021,5032,5043)
(11211,1921,5040,5029,5024,5019,5008)
(11212,813,5029,5023,5017,5006,5000)
(11213,375,5026,5032,5043,5054)
(11214,382,5011,5017,5023,5024,5030,5041)
(11215,1429,5041,5030,5024,5023,5017,5011)
(11216,1091,5021,5032,5043,5054)
(11217,281,5041,5030,5024,5023,5017)
(11218,1781,5017,5023,5024,5030,5041)
(11219,1071,5041,5030,5019,5008,5003)
(11220,1785,5053,5048,5043,5032,5021)
(11221,1098,5023,5024,5025,5026,5032,5043,5054)
(11222,1373,5011,5017,5023,5024,5030,5041)
(11223,283,5032,5043,5054)
(11224,1067,5052,5041,5030,5024,5023,5022)
(11225,1375,5028,5017,5006,5000)
(11226,1392,5054,5043,5032,5026,5025,5024,5023,5017,5006,5000)
(11227,1382,5050,5039,5028,5023,5024,5019,5008,5003)
(11228,1776,5032,5043,5054)
(11229,821,5023,5024,5030,5041,5052)
(11230,1383,5032,5026,5025,5024,5018,5007)
(11231,376,5026,5032,5043,5054)
(11232,285,5019,5025,5026,5032,5043,5048)
(11233,1763,5055,5050,5039,5028,5023,5024,5019,5008)
(11234,311,5021,5032,5043,5048,5053)
(11235,824,5055,5050,5039,5028,5023,5024,5019,5008,5003)
(11236,547,5036,5030,5019,5008,5003)
(11237,829,5024,5025,5026,5032,5043,5048,5053)
(11238,1771,5027,5016,5005)
(11239,856,5044,5039,5028,5023,5024,5019,5008,5003)
(11240,1389,5030,5024,5023,5017,5006,5000)
(11241,881,5021,5026,5025,5024,5023,5028,5039,5050)
(11242,1461,5021,5032,5043,5048,5053)
(11243,1842,5001,5006,5017,5028,5039)
(11244,1180,5032,5043,5054)
(11245,857,5028,5039,5050)
(11246,269,5032,5026,5025,5024,5023,5017,5006)
(11247,444,5007,5018,5029,5040)
(11248,885,5053,5048,5043,5032,5026)
(11249,1475,5015,5021,5032,5043)
(11250,1177,5026,5032,5043,5054)
(11251,303,5007,5018,5024,5025,5026,5032,5043,5048,5053)
(11252,517,5014,5019,5024,5029,5040,5051)
(11253,548,5006,5017,5028,5039,5045)
(11254,295,5000,5006,5017,5028,5039,5045)
(11255,242,5006,5017,5023,5029)
(11256,906,5018,5024,5025,5026,5032,5043,5048,5053)
(11257,1171,5007,5018,5029,5040,5051)
(11258,574,5024,5025,5026,5032,5043,5054)
(11259,573,5052,5041,5030,5024,5023,5017,5011)
(11260,234,5017,5023,5024,5025,5026,5032,5043,5048)
(11261,1769,5055,5050,5039,5028,5023,5024,5019,5008,5003)
(11262,899,5008,5019,5025,5026,5032,5043,5048,5053)
(11263,563,5051,5040,5029,5024,5019,5014)
(11264,227,5044,5039,5028,5017,5006)
(11265,1165,5030,5041,5052)
(11266,226,5053,5048,5043,5032,5026,5025,5019,5008)
(11267,255,5026,5032,5043,5048,5053)
(11268,1540,5054,5043,5032,5026,5025,5024,5023,5022)
(11269,1541,5025,5026,5032,5043,5054)
(11270,902,5025,5026,5032,5043,5054)
(11271,246,5040,5029,5023,5017,5006)
(11272,1161,5055,5050,5039,5028,5017,5012)
(11273,905,5054,5043,5032,5026,5025)
(11274,1207,5004,5003,5008,5019,5024,5023,5028,5039,5050)
(11275,868,5044,5039,5028,5017,5006,5001)
(11276,251,5025,5026,5032,5043,5054)
(11277,858,5024,5030,5041,5052)
(11278,248,5036,5030,5024,5018,5007)
(11279,465,5043,5032,5026,5025,5024,5023,5017,5006,5000)
(11280,1200,5026,5032,5043,5054)
(11281,476,5048,5043,5032,5026,5025,5024,5018,5007)
(11282,1878,5054,5043,5032,5021,5010,5004)
(11283,1198,5014,5019,5024,5023,5028,5039,5050,5055)
(11284,1197,5008,5019,5025,5026,5032)
(11285,456,5043,5032,5026,5025,5024,5018,5007)
(11286,1563,5039,5028,5023,5024,5019,5008,5003)
(11287,865,5053,5048,5043,5032,5026,5025,5024,5018)
(11288,867,5032,5021,5010,5004)
(11289,449,5026,5032,5043,5054)
(11290,1670,5032,5021,5010)
(11291,1193,5054,5043,5032,5026,5025,5024,5023,5017,5006,5000)
(11292,870,5008,5019,5025,5026,5032,5043)
(11293,1567,5048,5043,5032,5026,5025,5024,5023,5017,5011)
(11294,344,5028,5017,5006)
(11295,1726,5040,5029,5023,5017,5006)
(11296,446,5023,5024,5030,5041,5052)
(11297,316,5019,5024,5029,5040,5051)
(11298,477,5055,5050,5039,5028,5017,5006)
(11299,877,5021,5032,5043,5048,5053)
(11300,1514,5019,5025,5026,5032,5043,5054)
(11301,480,5030,5024,5023,5017,5006,5000)
(11302,1747,5052,5047,5048,5043,5032,5021)
(11303,1188,5000,5006,5017,5023,5029,5035)
(11304,1754,5028,5017,5006,5000)
(11305,1187,5000,5006,5017,5028,5039,5044)
(11306,764,5032,5043,5054)
(11307,765,5038,5027,5016)
(11308,499,5019,5025,5026,5032,5043,5054)
(11309,769,5044,5039,5028,5023,5024,5019,5008,5003)
(11310,1613,5029,5018,5007)
(11311,497,5055,5050,5039,5028,5017,5006,5000)
(11312,495,5052,5041,5030)
(11313,490,5053,5048,5043,5032,5026,5025,5024)
(11314,489,5001,5006,5017,5028,5039,5050)
(11315,1658,5030,5019,5008)
(11316,1611,5030,5019,5008)
(11317,1652,5036,5030,5024,5023,5017,5006,5000)
(11318,1159,5015,5021,5032,5043)
(11319,1661,5052,5041,5030)
(11320,1597,5054,5043,5032,5021,5010)
(11321,488,5010,5021,5032,5043,5054)
(11322,1671,5044,5039,5028,5017,5006,5000)
(11323,1131,5036,5030,5019,5008)
(11324,1130,5011,5017,5028,5039,5050)
(11325,797,5052,5041,5030)
(11326,485,5051,5040,5029)
(11327,368,5014,5019,5024,5023,5028,5039,5050)
(11328,1126,5019,5025,5026,5032,5043,5048,5053)
(11329,783,5027,5016,5005)
(11330,1624,5054,5043,5032,5026,5025,5024,5018,5007)
(11331,780,5054,5043,5032,5026,5025,5019,5008)
(11332,1612,5029,5018,5007)
(11333,1608,5028,5017,5006,5000)
(11334,1590,5041,5030,5019,5008,5003,5004)
(11335,76,5052,5041,5030,5024,5023,5017,5006)
(11336,1751,5018,5029,5040)
(11337,72,5032,5043,5054)
(11338,1117,5055,5050,5039,5028,5023,5024,5019)
(11339,1601,5029,5023,5017,5006)
(11340,1692,5039,5028,5017,5006,5001)
(11341,1683,5040,5029,5018,5007)
(11342,1115,5024,5025,5026,5032,5043,5054)
(11343,67,5015,5021,5032,5043)
(11344,785,5000,5006,5017,5028,5039)
(11345,1113,5006,5017,5023,5029)
(11346,1112,5055,5050,5039,5028,5017)
(11347,799,5036,5030,5024,5023,5017,5006,5000)
(11348,802,5032,5026,5025,5024,5018,5007)
(11349,768,5052,5041,5030,5024,5023,5017,5011)
(11350,62,5019,5024,5023,5028,5039,5050)
(11351,1714,5000,5006,5017,5028,5039,5050,5056)
(11352,1536,5054,5043,5032,5021,5010,5004)
(11353,1537,5021,5026,5025,5024,5029,5040,5051)
(11354,755,5052,5041,5030,5019)
(11355,1687,5008,5019,5030,5036)
(11356,1688,5006,5017,5028,5039)
(11357,757,5056,5050,5039,5028,5017,5006,5000)
(11358,1689,5006,5017,5023,5024,5030,5036)
(11359,1135,5044,5039,5028,5017,5006,5001)
(11360,1692,5029,5018,5007)
(11361,761,5019,5030,5041,5052)
(11362,1156,5043,5032,5026,5025,5019,5008)
(11363,1544,5022,5023,5024,5030,5041,5052)
(11364,84,5017,5023,5024,5025,5026,5032,5043,5048)
(11365,501,5040,5029,5018,5007)
(11366,1739,5007,5018,5029,5040,5051)
(11367,1740,5039,5028,5017)
(11368,1741,5004,5003,5008,5019,5024,5029,5040)
(11369,502,5032,5026,5025,5024,5018,5007)
(11370,1150,5030,5041,5052)
(11371,85,5054,5043,5032,5026,5025,5024,5023,5017,5006,5000)
(11372,1746,5019,5025,5026,5032,5043)
(11373,1149,5041,5030,5024,5023,5017,5006)
(11374,1748,5039,5028,5017,5011)
(11375,787,5038,5027,5016)
(11376,1147,5032,5043,5054)
(11377,504,5039,5028,5023,5024,5019,5008,5003,5004)
(11378,506,5019,5025,5026,5032,5043,5048,5053)
(11379,1737,5007,5018,5029)
(11380,507,5040,5029,5023,5017)
(11381,1517,5018,5029,5040)
(11382,1143,5019,5024,5029,5040,5051)
(11383,778,5007,5018,5024,5025,5026,5032)
(11384,107,5032,5043,5054)
(11385,792,5021,5032,5043)
(11386,1141,5043,5032,5026,5025,5024,5018,5007)
(11387,510,5055,5050,5039,5028,5022)
(11388,1138,5050,5039,5028,5017)
(11389,478,5032,5026,5025,5019,5008)
(11390,1729,5008,5019,5024,5029,5040)
(11391,759,5012,5017,5028,5039,5050)
(11392,1734,5032,5026,5025,5024,5023,5017,5006)
(11393,1529,5017,5028,5039,5050,5056)
(11394,102,5000,5006,5017,5023,5024,5025,5026,5032,5043,5048)
(11395,909,5024,5025,5026,5032,5043,5054)
(11396,1136,5022,5028,5039,5050,5055)
(11397,451,5018,5024,5030,5041)
(11398,1139,5022,5023,5024,5025,5026,5032,5043,5048,5053)
(11399,1627,5003,5008,5019,5024,5029,5040,5051)
(11400,453,5017,5023,5024,5025,5026,5032,5043)
(11401,1579,5048,5043,5032,5026,5025,5024,5018)
(11402,98,5014,5019,5024,5023,5028,5039,5050,5055)
(11403,1142,5018,5024,5025,5026,5032,5043,5048,5053)
(11404,1583,5006,5017,5028,5039,5050,5055)
(11405,461,5044,5039,5028,5023,5024,5019,5008,5003,5004)
(11406,90,5054,5043,5032,5026,5025,5019)
(11407,1663,5008,5019,5030,5041)
(11408,1022,5039,5028,5023,5024,5019,5008,5003)
(11409,1144,5050,5039,5028,5023,5024,5019,5014)
(11410,468,5054,5043,5032,5026,5025,5024)
(11411,470,5027,5016,5005)
(11412,1000,5041,5030,5019,5008,5003,5004)
(11413,1554,5053,5048,5043,5032,5026,5025,5024,5023,5022)
(11414,473,5039,5028,5017,5006,5001)
(11415,1678,5043,5032,5021,5010,5004)
(11416,55,5024,5025,5026,5032,5043,5048,5053)
(11417,475,5003,5008,5019,5024,5029,5040,5051)
(11418,512,5056,5050,5039,5028,5017,5011)
(11419,1016,5050,5039,5028,5023,5024,5019,5008,5003)
(11420,1046,5016,5027,5038)
(11421,1028,5006,5017,5028,5039)
(11422,513,5041,5030,5024,5023,5017,5006,5000)
(11423,1157,5010,5021,5032,5043,5048)
(11424,1654,5022,5023,5024,5025,5026,5032,5043,5054)
(11425,1565,5039,5028,5017,5011)
(11426,1134,5039,5028,5017)
(11427,1566,5030,5024,5018,5007)
(11428,514,5018,5024,5030,5041)
(11429,1873,5036,5030,5024,5018,5007)
(11430,553,5027,5016,5005)
(11431,556,5043,5032,5021,5010)
(11432,17,5006,5017,5028,5039,5050,5055)
(11433,1031,5040,5029,5023,5017,5011)
(11434,15,5032,5043,5054)
(11435,1120,5008,5019,5030)
(11436,12,5012,5017,5028,5039,5050,5055)
(11437,1121,5032,5021,5010)
(11438,1560,5000,5006,5017,5023,5029,5035,5041)
(11439,560,5007,5018,5029)
(11440,561,5032,5043,5054)
(11441,562,5000,5006,5017,5028,5039,5044)
(11442,1125,5021,5032,5043)
(11443,5,5026,5032,5043,5054)
(11444,3,5048,5043,5032,5026,5025,5024,5023,5017,5006)
(11445,1889,5028,5017,5006)
(11446,988,5006,5017,5028,5039,5050)
(11447,1552,5018,5024,5030,5041)
(11448,1129,5000,5006,5017,5023,5024,5025,5026,5032,5043,5048,5053)
(11449,934,5036,5030,5024,5023,5017,5006,5000)
(11450,1158,5054,5043,5032,5026,5025,5024,5023,5017,5006,5000)
(11451,568,5040,5029,5024,5019,5008,5003)
(11452,1851,5039,5028,5023,5024,5019,5008,5003)
(11453,946,5027,5016,5005)
(11454,1854,5032,5043,5054)
(11455,939,5022,5023,5024,5025,5026,5032,5043,5048,5053)
(11456,569,5029,5023,5017,5006,5000)
(11457,940,5019,5030,5041)
(11458,570,5048,5043,5032,5026,5025,5024,5023,5017,5011)
(11459,1578,5048,5043,5032,5026,5025,5019)
(11460,571,5022,5028,5039,5050,5056)
(11461,576,5041,5030,5024,5023,5017,5006)
(11462,1160,5044,5039,5028,5023,5024,5019,5008)
(11463,945,5029,5023,5017,5006)
(11464,1864,5028,5039,5050)
(11465,1865,5052,5041,5030,5024,5018)
(11466,50,5027,5016,5005)
(11467,1573,5044,5039,5028,5023,5024,5019,5008)
(11468,937,5019,5025,5026,5032,5043,5048)
(11469,1915,5055,5050,5039,5028,5017)
(11470,579,5014,5019,5024,5023,5028,5039,5050,5055)
(11471,1186,5008,5019,5024,5023,5028,5039,5050,5055)
(11472,1894,5018,5024,5030,5041)
(11473,1189,5041,5030,5024,5023,5017,5006)
(11474,1190,5052,5041,5030,5024,5023,5022)
(11475,1918,5007,5018,5029,5035)
(11476,1549,5036,5030,5019,5008)
(11477,1919,5055,5050,5039,5028,5017,5011)
(11478,1191,5010,5021,5032,5043,5054)
(11479,36,5021,5032,5043)
(11480,1192,5030,5024,5023,5017,5006)
(11481,1927,5023,5024,5030,5041,5052)
(11482,921,5004,5010,5021,5032,5043,5054)
(11483,924,5056,5050,5039,5028,5017,5006,5000)
(11484,1936,5021,5026,5025,5024,5023,5028,5039,5050)
(11485,1522,5039,5028,5017,5006,5000)
(11486,32,5038,5027,5016)
(11487,1520,5023,5024,5030,5041,5052)
(11488,1519,5003,5008,5019,5030,5041)
(11489,1518,5018,5029,5040)
(11490,524,5043,5032,5026,5025,5024,5023,5017)
(11491,30,5003,5008,5019,5024,5029,5040,5051)
(11492,83,5032,5021,5010,5004)
(11493,986,5003,5008,5019,5024,5023,5028,5039,5044)
(11494,1899,5006,5017,5028)
(11495,1201,5052,5047,5048,5043,5032,5021)
(11496,528,5027,5016,5005)
(11497,529,5008,5019,5030,5036)
(11498,530,5021,5026,5025,5024,5023,5028,5039,5050)
(11499,1203,5023,5024,5025,5026,5032,5043,5054)
(11500,1903,5023,5024,5025,5026,5032,5043,5054)
(11501,1904,5016,5027,5038)
(11502,1204,5003,5008,5019,5024,5023,5028,5039,5044)
(11503,1528,5021,5032,5043,5054)
(11504,1909,5003,5008,5019,5024,5023,5028,5039,5044)
(11505,969,5032,5021,5010,5004)
(11506,1848,5021,5032,5043)
(11507,1205,5027,5016,5005)
(11508,1206,5041,5030,5024,5023,5017,5006,5000)
(11509,537,5029,5018,5007)
(11510,540,5006,5017,5023,5024,5030,5041,5052)
(11511,541,5011,5017,5028,5039,5050,5056)
(11512,1185,5051,5040,5029,5018,5007)
(11513,183,5032,5043,5054)
(11514,1784,5036,5030,5024,5023,5017,5006,5000)
(11515,1787,5022,5028,5039,5050,5055)
(11516,1542,5032,5021,5010,5004)
(11517,1109,5050,5039,5028,5023,5024,5019,5008,5003)
(11518,1184,5030,5024,5023,5017,5006)
(11519,1538,5023,5024,5025,5026,5032,5043,5054)
(11520,960,5022,5023,5024,5025,5026,5032,5043,5054)
(11521,544,5006,5017,5028,5039,5050)
(11522,1182,5007,5018,5024,5025,5026,5032)
(11523,546,5028,5017,5006,5000)
(11524,179,5041,5030,5024,5023,5017,5006)
(11525,1779,5032,5043,5054)
(11526,1163,5008,5019,5025,5026,5032,5043,5048)
(11527,1534,5001,5006,5017,5028,5039,5044)
(11528,1533,5027,5016,5005)
(11529,445,5018,5024,5025,5026,5032,5043,5054)
(11530,987,5041,5030,5024,5023,5017,5006)
(11531,178,5028,5039,5050)
(11532,176,5026,5032,5043,5048,5053)
(11533,1587,5054,5043,5032,5026,5025)
(11534,1166,5054,5043,5032,5021,5015)
(11535,1168,5036,5030,5019,5008,5003)
(11536,378,5036,5030,5024,5023,5017,5006,5000)
(11537,1768,5007,5018,5029,5040)
(11538,171,5019,5025,5026,5032,5043,5054)
(11539,1170,5040,5029,5023,5017,5006)
(11540,393,5011,5017,5023,5024,5030,5041,5052)
(11541,1172,5007,5018,5029)
(11542,1594,5043,5032,5021,5010)
(11543,1774,5032,5043,5054)
(11544,935,5050,5039,5028)
(11545,1173,5017,5023,5024,5025,5026,5032,5043,5048)
(11546,1801,5043,5032,5026,5025,5024,5018,5007)
(11547,395,5050,5039,5028,5023,5024,5019,5008,5003)
(11548,219,5008,5019,5030)
(11549,218,5040,5029,5023,5017,5006)
(11550,1033,5041,5030,5019)
(11551,1609,5032,5026,5025,5019,5008)
(11552,214,5004,5003,5008,5019,5024,5029,5040)
(11553,1060,5028,5017,5006)
(11554,209,5032,5026,5025,5024,5023,5017,5006,5000)
(11555,1002,5006,5017,5028,5039,5050)
(11556,1593,5054,5043,5032,5021,5015)
(11557,429,5055,5050,5039,5028,5017,5006)
(11558,1005,5053,5048,5043,5032,5026,5025,5019,5008)
(11559,1024,5017,5028,5039,5050)
(11560,1014,5056,5050,5039,5028,5022)
(11561,1615,5014,5019,5024,5023,5028,5039,5050)
(11562,1110,5022,5028,5039,5050,5056)
(11563,1103,5039,5028,5017)
(11564,1836,5053,5048,5043,5032,5026)
(11565,202,5024,5025,5026,5032,5043,5048,5053)
(11566,1838,5027,5016,5005)
(11567,442,5006,5017,5028,5039,5050,5056)
(11568,1596,5008,5019,5030,5036)
(11569,1043,5054,5043,5032)
(11570,1603,5050,5039,5028,5017,5006)
(11571,434,5015,5021,5032,5043)
(11572,927,5036,5030,5019,5008,5003)
(11573,198,5028,5017,5006,5000)
(11574,1599,5008,5019,5025,5026,5032,5043,5054)
(11575,1595,5052,5041,5030,5019)
(11576,197,5019,5024,5029,5040,5051)
(11577,168,5051,5040,5029,5024,5019)
(11578,438,5054,5043,5032)
(11579,1614,5011,5017,5023,5024,5025,5026,5032,5043)
(11580,133,5041,5030,5019,5008,5003,5004)
(11581,130,5028,5039,5050,5056)
(11582,129,5011,5017,5028,5039,5050,5056)
(11583,1553,5022,5023,5024,5025,5026,5032,5043,5048,5053)
(11584,1755,5030,5024,5023,5017,5006)
(11585,1821,5054,5043,5032,5026,5025,5024,5023,5017,5011)
(11586,955,5028,5039,5050)
(11587,977,5052,5041,5030)
(11588,1818,5030,5019,5008)
(11589,128,5043,5032,5026,5025,5024,5023,5017)
(11590,1474,5000,5006,5017,5023,5024,5025,5026,5032,5043,5048)
(11591,1816,5032,5043,5054)
(11592,1479,5040,5029,5024,5019,5008,5003)
(11593,984,5032,5021,5010)
(11594,443,5053,5048,5043,5032,5026,5025,5024,5018)
(11595,1477,5029,5023,5017,5006)
(11596,418,5016,5027,5038)
(11597,1813,5029,5023,5017,5006)
(11598,125,5041,5030,5024,5023,5017,5006)
(11599,1099,5041,5030,5024,5023,5017,5006,5000)
(11600,1100,5043,5032,5021,5015)
(11601,417,5040,5029,5024,5019,5008)
(11602,944,5010,5021,5032)
(11603,415,5041,5030,5024,5018,5007)
(11604,121,5041,5030,5024,5018,5007)
(11605,118,5023,5024,5025,5026,5032,5043,5048,5053)
(11606,405,5000,5006,5017,5028,5039,5044)
(11607,1090,5017,5023,5024,5030,5041)
(11608,1088,5039,5028,5017,5011)
(11609,1087,5007,5018,5024,5025,5026,5032)
(11610,138,5018,5024,5030,5041)
(11611,1473,5022,5028,5039,5050)
(11612,1824,5006,5017,5028,5039)
(11613,398,5006,5017,5028,5039,5044)
(11614,1845,5000,5006,5017,5023,5029)
(11615,140,5028,5017,5006)
(11616,1471,5019,5024,5023,5028,5039,5050,5055)
(11617,431,5026,5032,5043,5048,5053)
(11618,1075,5032,5026,5025,5019,5008)
(11619,161,5028,5039,5050)
(11620,1063,5028,5039,5050)
(11621,156,5000,5006,5017,5023,5029)
(11622,153,5023,5024,5030,5041,5052)
(11623,427,5052,5041,5030,5024,5018,5007)
(11624,1468,5030,5024,5023,5017,5006)
(11625,1467,5050,5039,5028,5023,5024,5019,5014)
(11626,151,5017,5028,5039,5050)
(11627,397,5043,5032,5026,5025,5024,5018,5007)
(11628,1834,5018,5024,5025,5026,5032,5043)
(11629,370,5054,5043,5032,5026,5025,5024,5023,5022)
(11630,1464,5024,5025,5026,5032,5043,5048,5053)
(11631,1463,5028,5017,5006)
(11632,371,5022,5023,5024,5030,5041,5052)
(11633,383,5041,5030,5019)
(11634,144,5017,5028,5039,5050,5056)
(11635,990,5025,5026,5032,5043,5048,5053)
(11636,385,5036,5030,5019,5008)
(11637,394,5008,5019,5024,5023,5028,5039)
(11638,1019,5014,5019,5024,5023,5028,5039,5050,5055)
(11639,1458,5000,5006,5017,5028)
(11640,1828,5044,5039,5028,5017,5006)
(11641,1828,5056,5050,5039,5028,5017,5006)
(11642,1015,5025,5026,5032,5043,5054)
(11643,1010,5025,5026,5032,5043,5048,5053)
(11644,1137,5019,5024,5029,5040,5051)
(11645,707,5019,5024,5023,5028,5039,5050,5055)
(11646,1018,5036,5030,5024,5023,5017,5006,5000)
(11647,711,5029,5018,5007)
(11648,1006,5048,5043,5032,5026,5025,5024,5023,5017,5006,5000)
(11649,1482,5015,5021,5032,5043,5054)
(11650,995,5039,5028,5017,5011)
(11651,717,5011,5017,5023,5024,5025,5026,5032,5043,5054)
(11652,1391,5018,5024,5030,5041)
(11653,1390,5040,5029,5023,5017,5006,5000)
(11654,999,5021,5032,5043,5048,5047,5052)
(11655,1080,5007,5018,5029,5035,5036)
(11656,1079,5041,5030,5024,5023,5017,5006)
(11657,1771,5004,5003,5008,5019,5024,5029,5040)
(11658,1078,5001,5006,5017,5028,5039,5050)
(11659,148,5010,5021,5032)
(11660,150,5018,5024,5030,5041)
(11661,1054,5022,5028,5039,5050,5056)
(11662,1386,5044,5039,5028,5017,5006,5001)
(11663,155,5018,5024,5025,5026,5032,5043,5054)
(11664,704,5027,5016,5005)
(11665,703,5005,5016,5027)
(11666,686,5029,5018,5007)
(11667,1076,5025,5026,5032,5043,5048,5053)
(11668,164,5006,5017,5028,5039,5050)
(11669,139,5017,5028,5039,5050,5056)
(11670,1072,5040,5029,5024,5019,5008,5003)
(11671,1760,5006,5017,5023,5024,5025,5026,5032,5043,5048,5053)
(11672,1089,5048,5043,5032,5021,5010)
(11673,120,5014,5019,5024,5023,5028,5039,5050,5055)
(11674,737,5053,5048,5043,5032,5026,5025,5024,5023)
(11675,1758,5008,5019,5024,5023,5028,5039)
(11676,912,5024,5025,5026,5032,5043,5054)
(11677,751,5022,5028,5039,5050)
(11678,1107,5039,5028,5023,5024,5019,5008,5003)
(11679,976,5055,5050,5039,5028,5017)
(11680,1511,5054,5043,5032,5026,5025,5024,5023)
(11681,979,5054,5043,5032,5026)
(11682,980,5030,5024,5018,5007)
(11683,1380,5021,5032,5043,5048,5053)
(11684,1798,5056,5050,5039,5028,5017)
(11685,738,5011,5017,5028,5039,5045)
(11686,985,5006,5017,5023,5024,5025,5026,5032,5043,5048)
(11687,1378,5008,5019,5030)
(11688,742,5021,5026,5025,5024,5023,5028,5039,5050)
(11689,1794,5032,5021,5010)
(11690,1376,5018,5024,5030,5041)
(11691,1094,5000,5006,5017,5023,5024,5025,5026,5032,5043,5048)
(11692,1093,5041,5030,5024,5018,5007)
(11693,134,5012,5017,5028,5039,5050,5055)
(11694,1790,5029,5023,5017,5006,5000)
(11695,736,5048,5043,5032,5026,5025,5024,5023,5017,5006,5000)
(11696,167,5014,5019,5024,5023,5028,5039,5050,5055)
(11697,697,5016,5027,5038)
(11698,634,5028,5017,5006,5000)
(11699,613,5039,5028,5023,5024,5019,5008,5003,5004)
(11700,928,5024,5025,5026,5032,5043,5054)
(11701,1786,5008,5019,5030,5036)
(11702,1055,5028,5017,5006,5000)
(11703,1066,5017,5028,5039,5045)
(11704,1068,5054,5043,5032,5026,5025,5024,5023,5017)
(11705,992,5053,5048,5043,5032,5021,5010,5004)
(11706,991,5029,5023,5017,5006)
(11707,1179,5021,5026,5025,5024,5029,5040,5051)
(11708,627,5053,5048,5043,5032,5021,5010,5004)
(11709,207,5039,5028,5023,5024,5019,5008,5003,5004)
(11710,1484,5001,5006,5017,5028,5039,5050,5055)
(11711,1454,5052,5041,5030,5024,5023,5017,5011)
(11712,1800,5024,5030,5041,5052)
(11713,1379,5052,5041,5030,5024,5018)
(11714,1052,5028,5017,5006,5000)
(11715,1892,5024,5025,5026,5032,5043,5048,5053)
(11716,631,5018,5024,5030,5041)
(11717,1913,5055,5050,5039,5028,5017)
(11718,1424,5032,5043,5054)
(11719,1911,5039,5028,5017,5006,5000)
(11720,216,5019,5025,5026,5032,5043,5048,5053)
(11721,217,5052,5041,5030,5019,5014)
(11722,1174,5048,5043,5032,5026,5025,5019)
(11723,591,5029,5023,5017,5006,5000)
(11724,1907,5055,5050,5039,5028,5017,5006,5001)
(11725,1041,5023,5024,5025,5026,5032,5043,5048,5053)
(11726,1906,5055,5050,5039,5028,5017,5012)
(11727,1421,5044,5039,5028,5023,5024,5019,5008)
(11728,220,5041,5030,5019)
(11729,910,5028,5039,5050,5056)
(11730,196,5030,5041,5052)
(11731,916,5029,5023,5017,5006,5000)
(11732,1414,5018,5024,5030,5041,5052)
(11733,1412,5021,5032,5043,5048,5047,5052)
(11734,169,5008,5019,5024,5023,5028,5039,5044)
(11735,1427,5051,5040,5029,5024,5019,5014)
(11736,1169,5053,5048,5043,5032,5026,5025,5024,5023,5017,5011)
(11737,959,5030,5024,5018,5007)
(11738,1164,5021,5032,5043,5048,5053)
(11739,635,5032,5043,5054)
(11740,636,5052,5041,5030,5024,5023)
(11741,1448,5014,5019,5030,5041,5052)
(11742,182,5048,5043,5032,5026,5025,5024,5018,5007)
(11743,1447,5043,5032,5021)
(11744,1446,5003,5008,5019,5030,5041,5052)
(11745,1445,5018,5029,5040)
(11746,667,5024,5025,5026,5032,5043,5048,5053)
(11747,1917,5055,5050,5039,5028,5023,5024,5025,5026,5021)
(11748,184,5022,5028,5039,5050,5056)
(11749,952,5050,5039,5028,5023,5024,5025,5026,5021)
(11750,185,5055,5050,5039,5028,5017)
(11751,187,5027,5016,5005)
(11752,672,5052,5041,5030)
(11753,674,5036,5030,5019,5008,5003)
(11754,678,5025,5026,5032,5043,5054)
(11755,1438,5027,5016,5005)
(11756,1202,5040,5029,5023,5017,5006)
(11757,1929,5048,5043,5032,5026,5025,5019)
(11758,981,5000,5006,5017,5028,5039,5050)
(11759,1437,5052,5041,5030,5024)
(11760,1436,5026,5032,5043,5054)
(11761,1208,5040,5029,5023,5017)
(11762,640,5021,5026,5025,5024,5023,5028,5039,5050,5055)
(11763,970,5039,5028,5023,5024,5019,5008)
(11764,642,5043,5032,5026,5025,5024,5023,5017,5011)
(11765,1194,5003,5008,5019,5024,5029,5040)
(11766,647,5027,5016,5005)
(11767,1430,5015,5021,5032,5043,5048)
(11768,948,5004,5003,5008,5019,5024,5023,5028,5039,5050,5055)
(11769,1920,5021,5032,5043,5048,5053)
(11770,1431,5055,5050,5039,5028,5023,5024,5019,5008)
(11771,1432,5004,5003,5008,5019,5030,5041)
(11772,925,5044,5039,5028,5017,5006,5000)
(11773,42,5039,5028,5023,5024,5019,5008,5003)
(11774,46,5029,5018,5007)
(11775,653,5019,5025,5026,5032,5043,5048)
(11776,1442,5051,5040,5029,5024,5019,5014)
(11777,48,5053,5048,5043,5032,5026,5025,5024)
(11778,929,5015,5021,5032,5043,5048)
(11779,51,5021,5026,5025,5024,5023,5028,5039,5050)
(11780,1869,5007,5018,5024,5025,5026,5032,5043,5048,5053)
(11781,942,5053,5048,5043,5032,5026,5025,5024,5018)
(11782,1450,5052,5047,5048,5043,5032,5021)
(11783,941,5039,5028,5017,5006,5000)
(11784,649,5032,5043,5054)
(11785,1451,5014,5019,5024,5029,5040,5051)
(11786,1411,5029,5023,5017,5006)
(11787,27,5050,5039,5028,5023,5024,5025,5026,5021)
(11788,643,5024,5030,5041,5052)
(11789,938,5048,5043,5032,5026,5025,5024,5023,5017,5006,5000)
(11790,1026,5055,5050,5039,5028,5017)
(11791,664,5048,5043,5032,5026,5025,5024,5023,5017)
(11792,4,5008,5019,5025,5026,5032)
(11793,1123,5036,5030,5024,5023,5017,5006)
(11794,1375,5004,5003,5008,5019,5024,5023,5028,5039,5044)
(11795,1122,5032,5043,5054)
(11796,1034,5036,5030,5024,5023,5017,5006,5000)
(11797,1119,5008,5019,5025,5026,5032,5043,5054)
(11798,1393,5051,5040,5029,5024,5019)
(11799,1111,5032,5026,5025,5024,5023,5017,5006)
(11800,1395,5004,5010,5021,5032,5043,5048)
(11801,1478,5043,5032,5026,5025,5024,5018)
(11802,1853,5041,5030,5019,5008,5003)
(11803,1852,5043,5032,5026,5025,5024,5023,5017,5006,5000)
(11804,1048,5026,5032,5043,5054)
(11805,1132,5041,5030,5019,5008)
(11806,22,5048,5043,5032,5026,5025,5024,5018,5007)
(11807,1050,5024,5030,5041,5052)
(11808,41,5051,5040,5029,5018)
(11809,1004,5050,5039,5028,5023,5024,5019)
(11810,1475,5028,5017,5006)
(11811,740,5026,5032,5043,5054)
(11812,1870,5015,5021,5032,5043,5054)
(11813,1155,5050,5039,5028,5017,5006,5001)
(11814,1473,5052,5041,5030,5024,5023,5017,5006)
(11815,1938,5015,5021,5032,5043,5048)
(11816,1154,5029,5018,5007)
(11817,57,5036,5030,5024,5023,5017,5006,5000)
(11818,1471,5043,5032,5026,5025,5019,5008)
(11819,993,5007,5018,5024,5025,5026,5032,5043,5054)
(11820,1470,5022,5023,5024,5025,5026,5032,5043,5054)
(11821,1148,5004,5003,5008,5019,5030,5041,5052)
(11822,1885,5032,5043,5054)
(11823,1468,5019,5025,5026,5032,5043)
(11824,750,5000,5006,5017,5028,5039,5050)
(11825,746,5032,5043,5054)
(11826,1883,5027,5016,5005)
(11827,88,5006,5017,5028,5039)
(11828,752,5022,5023,5024,5025,5026,5032,5043,5048,5053)
(11829,1881,5030,5019,5008)
(11830,1008,5051,5040,5029,5024,5019,5008,5003)
(11831,91,5048,5043,5032,5026,5025,5024,5023,5017,5006)
(11832,698,5000,5006,5017,5023,5029,5035,5041,5052)
(11833,695,5053,5048,5043,5032,5026,5025)
(11834,694,5052,5041,5030,5019)
(11835,1462,5028,5017,5006,5000)
(11836,693,5024,5025,5026,5032,5043,5048,5053)
(11837,94,5029,5023,5017,5006,5000)
(11838,1140,5036,5030,5024,5023,5017,5006,5000)
(11839,1875,5027,5016,5005)
(11840,708,5021,5026,5025,5024,5023,5028,5039,5050,5055)
(11841,966,5044,5039,5028,5017,5006,5000)
(11842,883,5028,5039,5050)
(11843,767,5000,5006,5017,5028,5039,5050,5056)
(11844,766,5050,5039,5028,5017,5006,5000)
(11845,791,5043,5032,5026,5025,5019,5008)
(11846,108,5028,5017,5006)
(11847,109,5022,5023,5024,5025,5026,5032,5043,5048,5053)
(11848,1736,5039,5028,5023,5024,5019,5008,5003)
(11849,1145,5003,5008,5019,5030,5041)
(11850,1456,5032,5043,5054)
(11851,1657,5041,5030,5024,5018)
(11852,1146,5011,5017,5023,5024,5025,5026,5032,5043,5048,5053)
(11853,1151,5048,5043,5032,5021,5010,5004)
(11854,1152,5006,5017,5028,5039)
(11855,1153,5029,5023,5017,5006,5000)
(11856,1650,5040,5029,5018,5007)
(11857,1648,5003,5008,5019,5030,5041,5052)
(11858,1454,5022,5028,5039,5050,5056)
(11859,741,5030,5024,5018,5007)
(11860,58,5000,5006,5017,5023,5029)
(11861,774,5040,5029,5023,5017,5011)
(11862,1495,5007,5018,5029)
(11863,60,5039,5028,5023,5024,5019,5008,5003,5004)
(11864,614,5038,5027,5016)
(11865,1662,5032,5043,5054)
(11866,773,5018,5024,5025,5026,5032,5043,5048,5053)
(11867,1679,5029,5023,5017,5006)
(11868,618,5038,5027,5016)
(11869,632,5011,5017,5028,5039,5050,5055)
(11870,1504,5025,5026,5032,5043,5054)
(11871,1676,5029,5023,5017,5006,5000)
(11872,1674,5021,5032,5043,5054)
(11873,1114,5007,5018,5024,5025,5026,5032,5043,5048,5053)
(11874,1116,5021,5032,5043,5048,5047,5052)
(11875,82,5040,5029,5023,5017,5006)
(11876,1501,5007,5018,5029,5040)
(11877,1500,5052,5047,5048,5043,5032,5021)
(11878,1666,5052,5041,5030,5019,5014)
(11879,1665,5018,5024,5030,5041)
(11880,1499,5024,5025,5026,5032,5043,5048,5053)
(11881,594,5039,5028,5023,5024,5019,5008,5003)
(11882,1118,5018,5029,5040,5051)
(11883,596,5000,5006,5017,5028,5039,5050)
(11884,75,5011,5017,5028,5039)
(11885,601,5018,5024,5025,5026,5032,5043,5054)
(11886,603,5017,5023,5024,5025,5026,5032,5043,5048)
(11887,80,5024,5025,5026,5032,5043,5048,5053)
(11888,1124,5015,5021,5032,5043,5048)
(11889,1640,5054,5043,5032,5026,5025,5024,5023,5017)
(11890,111,5044,5039,5028,5017,5006)
(11891,1127,5041,5030,5019,5008,5003,5004)
(11892,1128,5052,5041,5030,5019)
(11893,350,5017,5023,5024,5025,5026,5032,5043,5048)
(11894,352,5023,5024,5025,5026,5032,5043,5048,5053)
(11895,1491,5039,5028,5017,5006)
(11896,790,5000,5006,5017,5023,5029)
(11897,1636,5036,5030,5019,5008,5003)
(11898,670,5051,5040,5029,5024,5019)
(11899,1629,5025,5026,5032,5043,5048,5053)
(11900,1133,5052,5041,5030,5024,5023,5017)
(11901,770,5007,5018,5024,5025,5026,5032,5043)
(11902,342,5052,5041,5030)
(11903,347,5051,5040,5029,5024,5019)
(11904,772,5039,5028,5023,5024,5019,5008,5003)
(11905,763,5017,5028,5039,5050,5055)
(11906,336,5043,5032,5021)
(11907,771,5026,5032,5043,5054)
(11908,684,5021,5026,5025,5024,5023,5028,5039,5050,5055)
(11909,1731,5017,5028,5039,5050,5055)
(11910,855,5029,5040,5051)
(11911,876,5023,5024,5030,5041,5052)
(11912,874,5030,5024,5023,5017,5006)
(11913,1681,5003,5008,5019,5024,5029,5040,5051)
(11914,651,5040,5029,5018)
(11915,361,5056,5050,5039,5028,5017)
(11916,639,5022,5028,5039,5050,5055)
(11917,1195,5025,5026,5032,5043,5054)
(11918,1199,5007,5018,5029,5035,5041,5052)
(11919,658,5000,5006,5017,5028,5039,5050)
(11920,312,5027,5016,5005)
(11921,679,5032,5043,5054)
(11922,676,5001,5006,5017,5028,5039,5050,5055)
(11923,253,5004,5003,5008,5019,5030,5041,5052)
(11924,264,5040,5029,5023,5017,5006,5000)
(11925,1737,5054,5043,5032,5026,5025,5024,5018)
(11926,1183,5055,5050,5039,5028,5017,5006)
(11927,263,5006,5017,5023,5024,5030,5041)
(11928,1162,5019,5030,5041)
(11929,606,5026,5032,5043,5054)
(11930,1418,5025,5026,5032,5043,5048,5053)
(11931,228,5052,5041,5030,5024,5023,5017,5011)
(11932,1167,5039,5028,5017)
(11933,1749,5004,5003,5008,5019,5030,5041)
(11934,605,5032,5043,5054)
(11935,237,5025,5026,5032,5043,5048,5053)
(11936,1753,5008,5019,5025,5026,5032,5043,5048,5053)
(11937,895,5008,5019,5030)
(11938,267,5019,5024,5029,5040,5051)
(11939,1744,5008,5019,5025,5026,5032,5043,5048,5053)
(11940,891,5036,5030,5019,5008)
(11941,1411,5032,5043,5054)
(11942,890,5024,5030,5041,5052)
(11943,290,5050,5039,5028)
(11944,1409,5029,5023,5017,5006)
(11945,1408,5018,5024,5025,5026,5032,5043,5054)
(11946,1719,5028,5017,5006)
(11947,592,5025,5026,5032,5043,5048,5053)
(11948,887,5043,5032,5021,5010)
(11949,611,5030,5024,5023,5017,5006,5000)
(11950,1695,5040,5029,5018)
(11951,886,5050,5039,5028,5017,5012)
(11952,1175,5003,5008,5019,5030,5041)
(11953,1176,5052,5041,5030,5024,5023,5017,5006)
(11954,1403,5036,5030,5024,5018,5007)
(11955,628,5043,5032,5026,5025,5024,5018,5007)
(11956,289,5032,5043,5054)
(11957,1402,5010,5021,5032,5043,5048,5053)
(11958,1178,5017,5028,5039,5045)
(11959,287,5025,5026,5032,5043,5054)
(11960,1685,5051,5040,5029)
(11961,276,5050,5039,5028,5017,5011)
(11962,1690,5017,5023,5024,5025,5026,5032,5043,5054)
(11963,624,5019,5025,5026,5032,5043,5048)
(11964,1700,5011,5017,5028,5039,5050,5056)
(11965,1181,5021,5026,5025,5024,5023,5028,5039,5050,5055)
(11966,1701,5039,5028,5017,5006,5001)
(11967,1715,5026,5032,5043,5048,5053)
(11968,1715,5026,5032,5043,5048,5053)
(11969,1196,5021,5032,5043)
(11970,1397,5029,5023,5017,5006,5000)
(11971,1713,5030,5019,5008)
(11972,1108,5008,5019,5030,5036)
(11973,617,5027,5016,5005)
(11974,1707,5036,5030,5019,5008)
(11975,1396,5048,5043,5032,5026,5025,5024,5023,5017)
(11976,1069,5043,5032,5026,5025,5024,5018)
(11977,615,5022,5023,5024,5025,5026,5032,5043,5048,5053)
(11978,823,5044,5039,5028,5023,5024,5019,5008)
(11979,683,5017,5028,5039,5050,5056)
(11980,1703,5008,5019,5025,5026,5032,5043,5054)
(11981,1702,5050,5039,5028,5023,5024,5019,5008)
(11982,685,5028,5039,5050,5056)
(11983,1727,5040,5029,5023,5017,5011)
(11984,819,5054,5043,5032,5026,5025,5024,5023,5017,5006,5000)
(11985,1092,5003,5008,5019,5030,5036)
(11986,818,5055,5050,5039,5028,5023,5024,5019,5008)
(11987,274,5036,5030,5019,5008)
(11988,817,5006,5017,5023,5024,5030,5041)
(11989,1449,5023,5024,5025,5026,5032,5043,5048,5053)
(11990,1448,5040,5029,5023,5017,5006,5000)
(11991,1095,5018,5024,5025,5026,5032,5043,5048,5053)
(11992,308,5032,5021,5010)
(11993,307,5050,5039,5028,5017)
(11994,304,5052,5041,5030,5024,5023,5017,5006,5000)
(11995,1694,5048,5043,5032,5026,5025,5024,5023,5017,5006,5000)
(11996,1096,5006,5017,5023,5024,5025,5026,5032,5043)
(11997,298,5055,5050,5039,5028,5017,5006,5001)
(11998,1445,5021,5026,5025,5024,5029,5040,5051)
(11999,1097,5053,5048,5043,5032,5026,5025,5024,5023,5017,5006,5000)
(12000,294,5050,5039,5028,5023,5024,5019,5008,5003)
(12001,266,5021,5026,5025,5024,5023,5028,5039,5050)
(12002,1443,5027,5016,5005)
(12003,240,5015,5021,5032,5043,5054)
(12004,1102,5006,5017,5023,5024,5025,5026,5032,5043,5048)
(12005,749,5007,5018,5024,5025,5026,5032,5043,5054)
(12006,235,5021,5032,5043,5054)
(12007,1104,5023,5024,5025,5026,5032,5043,5054)
(12008,232,5024,5030,5041,5052)
(12009,1106,5028,5017,5006)
(12010,245,5011,5017,5028,5039)
(12011,259,5004,5003,5008,5019,5024,5029,5040,5051)
(12012,1450,5023,5024,5030,5041,5052)
(12013,257,5051,5040,5029,5024,5019,5014)
(12014,1625,5007,5018,5029,5035)
(12015,1435,5041,5030,5024,5023,5017,5006,5000)
(12016,1633,5027,5016,5005)
(12017,842,5015,5021,5032,5043,5048,5053)
(12018,1639,5051,5040,5029,5024,5019,5008)
(12019,701,5019,5024,5029,5040,5051)
(12020,1434,5052,5041,5030,5024,5023,5017,5006)
(12021,696,5029,5023,5017,5006)
(12022,348,5041,5030,5019,5008,5003)
(12023,1432,5028,5017,5006,5000)
(12024,363,5054,5043,5032,5026,5025,5024,5018,5007)
(12025,365,5050,5039,5028)
(12026,690,5021,5032,5043,5054)
(12027,688,5030,5019,5008)
(12028,317,5052,5041,5030,5024,5023,5017,5006,5000)
(12029,1077,5032,5021,5010,5004)
(12030,1431,5028,5017,5006,5000)
(12031,845,5039,5028,5023,5024,5019,5008)
(12032,322,5006,5017,5023,5029)
(12033,705,5006,5017,5028,5039,5045)
(12034,720,5032,5043,5054)
(12035,1677,5054,5043,5032,5026,5025,5024,5023,5017,5006)
(12036,714,5040,5029,5023,5017,5011)
(12037,1427,5024,5030,5041,5052)
(12038,1083,5000,5006,5017,5023,5029,5035,5041)
(12039,713,5032,5043,5054)
(12040,1084,5044,5039,5028,5017,5006,5001)
(12041,1426,5036,5030,5019,5008)
(12042,1653,5007,5018,5029,5035)
(12043,709,5032,5026,5025,5024,5018,5007)
(12044,1086,5018,5024,5025,5026,5032,5043,5054)
(12045,1424,5029,5023,5017,5006,5000)
(12046,1372,5029,5023,5017,5006,5000)
(12047,1368,5054,5043,5032,5026,5025,5024,5018,5007)
