#carID, StartTime, RoadID...
(10000,399,5019,5030,5041)
(10001,315,5031,5042,5053)
(10002,380,5024,5025,5031,5037,5043,5054)
(10003,314,5044,5045,5046,5041,5030,5019,5014,5009)
(10004,202,5020,5031,5037,5043)
(10005,205,5046,5041,5030,5019,5008)
(10006,377,5013,5019,5025,5031,5037,5043,5054)
(10007,373,5016,5027,5033,5034,5040,5051)
(10008,310,5052,5046,5040,5034,5033,5027,5016,5005)
(10009,370,5027,5033,5034,5040,5051)
(10010,316,5011,5016,5027,5033,5034,5040)
(10011,308,5007,5013,5019,5025,5031,5037)
(10012,363,5028,5039,5050)
(10013,371,5027,5016,5005)
(10014,382,5007,5013,5019,5025,5031)
(10015,157,5034,5033,5027,5016,5011,5006)
(10016,160,5006,5011,5016,5027,5033,5039)
(10017,393,5034,5033,5027,5016,5005)
(10018,172,5028,5039,5050)
(10019,399,5047,5041,5030,5019,5013,5007)
(10020,392,5049,5038,5027,5016,5011,5006)
(10021,390,5018,5029,5040)
(10022,164,5019,5030,5041,5047,5053)
(10023,385,5045,5046,5041,5030,5019,5008)
(10024,305,5033,5027,5016,5011,5006)
(10025,161,5008,5019,5030)
(10026,167,5016,5027,5033,5034,5040,5046,5047)
(10027,305,5030,5019,5008)
(10028,140,5019,5030,5041,5046,5051)
(10029,388,5046,5040,5034,5033,5027,5016)
(10030,309,5051,5046,5041,5030,5019,5008)
(10031,197,5031,5020,5009)
(10032,333,5055,5050,5039,5034,5029,5018)
(10033,361,5024,5025,5031,5037,5043,5054)
(10034,327,5043,5032,5021,5010)
(10035,330,5052,5041,5030,5019,5014,5009)
(10036,200,5051,5040,5029,5018)
(10037,328,5045,5046,5041,5030,5019,5014,5015,5010)
(10038,321,5033,5027,5016,5005)
(10039,320,5055,5050,5039,5034,5029,5018)
(10040,214,5009,5014,5019,5030,5041,5046,5045)
(10041,184,5033,5027,5016,5005)
(10042,155,5045,5046,5041,5030,5019,5014,5009)
(10043,153,5007,5013,5019,5030)
(10044,328,5050,5039,5028)
(10045,148,5048,5047,5046,5040,5034,5033,5027,5016)
(10046,156,5041,5030,5019)
(10047,141,5031,5025,5019,5013,5007,5001)
(10048,335,5037,5031,5025,5019,5008)
(10049,315,5037,5031,5025,5019,5013,5007)
(10050,356,5038,5027,5016,5005)
(10051,324,5045,5046,5041,5030,5019,5014,5009)
(10052,324,5031,5042,5053)
(10053,165,5029,5018,5007)
(10054,323,5032,5043,5054)
(10055,168,5033,5027,5016,5011,5006)
(10056,322,5011,5016,5027,5033,5034,5040,5051)
(10057,174,5019,5025,5031,5037,5043)
(10058,352,5052,5046,5040,5034,5033,5027,5016)
(10059,320,5015,5014,5019,5030,5041,5046,5045,5050)
(10060,320,5049,5038,5027,5016)
(10061,319,5016,5027,5033,5034,5040,5046,5047)
(10062,346,5038,5027,5016)
(10063,318,5054,5043,5037,5031,5025,5024)
(10064,303,5032,5043,5054)
(10065,139,5032,5021,5010)
(10066,339,5014,5019,5030,5041,5046,5051)
(10067,403,5048,5047,5046,5040,5034,5033,5027,5016,5005)
(10068,408,5005,5016,5027,5033,5034,5035)
(10069,410,5015,5014,5019,5030,5041,5046,5045,5050)
(10070,149,5046,5040,5034,5033,5027,5016)
(10071,350,5016,5027,5033,5034,5040,5046)
(10072,152,5008,5019,5030,5041,5046,5045,5050,5055)
(10073,295,5034,5033,5027,5016,5011,5006)
(10074,297,5046,5040,5034,5033,5027,5016,5011)
(10075,185,5010,5015,5014,5019,5030,5041,5047)
(10076,298,5031,5042,5053)
(10077,209,5005,5016,5027,5033,5034,5040)
(10078,211,5051,5046,5041,5030,5019,5014)
(10079,299,5027,5033,5034,5040,5051)
(10080,215,5032,5043,5054)
(10081,219,5027,5016,5005)
(10082,216,5016,5027,5033,5034,5040,5051)
(10083,217,5006,5011,5016,5027,5033,5034,5040,5051)
(10084,354,5027,5016,5005)
(10085,299,5014,5019,5030,5041,5052)
(10086,402,5033,5027,5016,5005)
(10087,329,5027,5038,5049)
(10088,366,5030,5041,5052)
(10089,198,5050,5039,5033,5027,5016)
(10090,196,5016,5027,5033,5039,5050)
(10091,395,5052,5046,5040,5034,5028)
(10092,300,5054,5048,5047,5046,5040,5034,5033,5027,5016)
(10093,364,5052,5041,5030,5019,5014,5015,5010)
(10094,192,5040,5034,5033,5027,5016)
(10095,190,5031,5042,5053)
(10096,381,5033,5027,5016,5005)
(10097,409,5050,5039,5034,5029,5018,5007)
(10098,295,5027,5016,5005)
(10099,407,5050,5039,5034,5029,5018,5007)
(10100,133,5047,5041,5030,5019,5008)
(10101,378,5011,5016,5027,5033,5034,5040,5046)
(10102,332,5027,5016,5005)
(10103,116,5041,5030,5019,5014,5015,5010)
(10104,37,5013,5019,5030,5041,5052)
(10105,38,5010,5015,5014,5019,5030,5041,5046,5045)
(10106,338,5039,5033,5027,5016)
(10107,39,5016,5027,5033,5039)
(10108,380,5031,5037,5043,5054)
(10109,379,5051,5040,5034,5033,5027,5016,5011)
(10110,375,5011,5016,5027,5038,5049)
(10111,45,5015,5014,5019,5030,5041,5047,5053)
(10112,46,5019,5030,5041,5047)
(10113,378,5027,5016,5005)
(10114,362,5050,5039,5033,5027)
(10115,365,5031,5042,5053)
(10116,391,5047,5041,5030,5019,5013)
(10117,376,5050,5045,5046,5041,5030,5019)
(10118,49,5050,5039,5033,5027,5016)
(10119,396,5010,5015,5014,5019,5030,5041,5046,5045,5044)
(10120,51,5051,5040,5034,5028)
(10121,375,5027,5016,5005)
(10122,53,5037,5031,5025,5019,5008)
(10123,54,5007,5013,5019,5030,5041,5052)
(10124,387,5020,5031,5037,5043,5054)
(10125,374,5010,5015,5014,5019,5030,5041,5046,5051)
(10126,55,5027,5016,5005)
(10127,56,5001,5007,5013,5019,5025,5031,5037,5043,5054)
(10128,373,5052,5046,5040,5034,5033,5027,5016,5011)
(10129,372,5039,5034,5029,5018,5007)
(10130,135,5046,5041,5030,5019,5014,5009)
(10131,60,5030,5019,5008)
(10132,370,5041,5030,5019,5013,5007,5001)
(10133,324,5030,5041,5047,5053)
(10134,332,5046,5041,5030,5019,5014,5009)
(10135,322,5049,5038,5027,5016,5011,5006)
(10136,64,5011,5016,5027,5033,5034,5040,5046,5047,5048)
(10137,319,5034,5033,5027,5016,5011,5006)
(10138,370,5047,5041,5030,5019,5014)
(10139,369,5033,5027,5016,5005)
(10140,31,5031,5025,5019,5013,5007,5001,5000)
(10141,358,5014,5019,5030,5041,5047)
(10142,367,5001,5007,5013,5019,5030,5041,5047,5053)
(10143,382,5053,5047,5041,5030,5019,5014,5015,5010)
(10144,5,5010,5015,5014,5019,5030,5041)
(10145,349,5010,5015,5014,5019,5030,5041,5046,5045)
(10146,396,5025,5031,5037,5043,5054)
(10147,343,5045,5046,5041,5030,5019,5014,5015,5010)
(10148,9,5027,5033,5034,5040,5046,5052)
(10149,396,5032,5043,5054)
(10150,341,5032,5043,5054)
(10151,383,5001,5007,5013,5019,5030,5041)
(10152,332,5047,5046,5040,5034,5033,5027,5016,5005)
(10153,13,5028,5034,5040,5046,5052)
(10154,395,5005,5016,5027,5033,5034,5040,5046,5052)
(10155,340,5041,5030,5019,5013,5007,5001)
(10156,15,5050,5045,5046,5041,5030,5019)
(10157,342,5031,5025,5019,5013,5007,5001,5000)
(10158,17,5024,5030,5041,5047,5053)
(10159,18,5016,5027,5033,5034,5040)
(10160,393,5020,5031,5037,5043)
(10161,344,5050,5045,5046,5041,5030,5019,5014,5015)
(10162,21,5039,5034,5029,5018,5007)
(10163,22,5028,5034,5040,5046,5052)
(10164,23,5039,5033,5027,5016,5005)
(10165,25,5007,5018,5029,5040,5051)
(10166,345,5053,5047,5041,5030,5019,5014)
(10167,392,5001,5006,5011,5016,5027,5033,5039,5050)
(10168,347,5033,5027,5016,5005)
(10169,26,5001,5007,5013,5019,5030,5041,5052)
(10170,27,5027,5033,5039,5050)
(10171,359,5006,5011,5016,5027,5033,5034,5040,5051)
(10172,390,5039,5034,5029,5018,5007)
(10173,389,5053,5047,5046,5040,5034,5033,5027)
(10174,351,5015,5014,5019,5030,5041,5047,5053)
(10175,33,5052,5041,5030,5019,5013,5007,5001)
(10176,66,5010,5015,5014,5019,5030,5041,5046)
(10177,388,5027,5033,5034,5040,5046,5047,5053)
(10178,387,5047,5046,5040,5034,5033,5027,5016,5005)
(10179,67,5008,5019,5030,5041,5047,5053)
(10180,68,5051,5040,5034,5033,5027,5016,5011,5006)
(10181,353,5009,5014,5019,5030,5041,5047,5053)
(10182,103,5038,5027,5016)
(10183,385,5009,5020,5031)
(10184,106,5049,5038,5027)
(10185,355,5027,5038,5049)
(10186,357,5030,5041,5052)
(10187,337,5007,5013,5019,5030,5041,5047)
(10188,365,5054,5048,5047,5046,5040,5034,5033,5027,5016,5005)
(10189,336,5010,5021,5032,5043,5054)
(10190,316,5037,5031,5025,5019,5013,5007)
(10191,364,5050,5039,5033,5027)
(10192,113,5021,5032,5043,5054)
(10193,317,5019,5025,5031,5037,5043,5054)
(10194,115,5052,5046,5040,5034,5033,5027)
(10195,318,5038,5027,5016,5005)
(10196,132,5001,5007,5013,5019,5030,5041,5047,5053)
(10197,346,5046,5041,5030,5019,5008)
(10198,343,5016,5027,5033,5034,5040,5051)
(10199,325,5048,5047,5046,5040,5034,5033,5027,5016,5011)
(10200,326,5025,5031,5037,5043,5054)
(10201,328,5032,5043,5054)
(10202,119,5047,5046,5040,5034,5033,5027,5016)
(10203,330,5031,5042,5053)
(10204,331,5038,5027,5016)
(10205,347,5044,5045,5046,5041,5030,5019,5014,5009)
(10206,334,5038,5027,5016)
(10207,348,5050,5039,5033,5027)
(10208,360,5019,5030,5041,5046,5051)
(10209,337,5027,5016,5005)
(10210,336,5013,5019,5030,5041,5047)
(10211,386,5015,5014,5019,5030,5041,5046,5045,5050)
(10212,336,5038,5027,5016,5005)
(10213,398,5034,5033,5027,5016,5005)
(10214,334,5011,5016,5027,5038,5049)
(10215,127,5027,5016,5005)
(10216,334,5028,5034,5040,5046,5047,5053)
(10217,129,5021,5032,5043)
(10218,131,5027,5016,5005)
(10219,384,5034,5033,5027,5016,5011,5006)
(10220,389,5018,5029,5040)
(10221,99,5030,5019,5013,5007,5001)
(10222,340,5011,5016,5027,5033,5034,5040,5046,5047,5053)
(10223,70,5025,5031,5037,5043,5054)
(10224,348,5008,5019,5030)
(10225,72,5021,5032,5043)
(10226,74,5007,5013,5019,5030,5041)
(10227,75,5046,5040,5034,5033,5027,5016)
(10228,394,5019,5030,5041,5046,5045,5050)
(10229,397,5039,5033,5027,5016,5011)
(10230,362,5047,5046,5040,5034,5033,5027,5016,5005)
(10231,80,5054,5043,5037,5031,5025,5019,5013,5007)
(10232,361,5047,5046,5040,5034,5033,5027,5016,5005)
(10233,82,5019,5025,5031,5037,5043,5054)
(10234,83,5008,5019,5030,5041)
(10235,360,5030,5041,5047,5053)
(10236,359,5005,5016,5027,5033,5039,5050)
(10237,358,5013,5019,5030,5041,5047,5053)
(10238,367,5052,5041,5030,5019,5013,5007)
(10239,368,5040,5029,5018,5007)
(10240,86,5052,5041,5030,5024)
(10241,369,5014,5019,5030,5041,5046,5051)
(10242,357,5024,5025,5031,5037,5043,5054)
(10243,88,5055,5050,5045,5046,5041,5030,5019,5014)
(10244,90,5027,5033,5034,5040,5046,5047,5053)
(10245,372,5027,5016,5005)
(10246,357,5047,5041,5030,5019,5013,5007,5001)
(10247,355,5011,5016,5027,5033,5039)
(10248,91,5009,5020,5031,5037,5043,5054)
(10249,374,5027,5038,5049)
(10250,354,5032,5021,5010)
(10251,376,5048,5047,5046,5040,5034,5033,5027,5016,5005)
(10252,95,5031,5042,5053)
(10253,353,5008,5019,5030,5041,5052)
(10254,351,5043,5032,5021)
(10255,314,5051,5046,5041,5030,5019,5014,5009)
(10256,379,5047,5046,5040,5034,5033,5027,5016,5005)
(10257,351,5037,5031,5025,5019,5013,5007,5001,5000)
(10258,302,5051,5046,5041,5030,5019,5014,5009)
(10259,59,5030,5041,5047,5053)
(10260,323,5052,5041,5030,5019,5013)
(10261,313,5055,5050,5045,5046,5041,5030,5019,5008)
(10262,232,5027,5016,5005)
(10263,350,5019,5030,5041,5046,5045,5050,5055)
(10264,233,5025,5031,5037,5043,5054)
(10265,234,5031,5025,5019,5008)
(10266,236,5010,5015,5014,5019,5030,5041,5047)
(10267,352,5047,5041,5030,5019,5014)
(10268,353,5046,5040,5034,5033,5027,5016,5005)
(10269,237,5031,5025,5019,5013,5007,5001,5000)
(10270,94,5027,5033,5034,5040,5046,5047,5048,5054)
(10271,92,5019,5030,5041)
(10272,355,5029,5018,5007)
(10273,240,5011,5016,5027,5033,5034,5040,5051)
(10274,241,5040,5034,5033,5027,5016,5011,5006)
(10275,356,5007,5013,5019,5025,5031,5037)
(10276,242,5011,5016,5027,5033,5034,5040,5046,5047,5053)
(10277,244,5047,5046,5040,5034,5033,5027,5016,5005)
(10278,256,5043,5037,5031,5025,5019,5013)
(10279,87,5030,5041,5047,5053)
(10280,247,5050,5045,5046,5041,5030,5019)
(10281,248,5014,5019,5030,5041,5047,5053)
(10282,249,5010,5015,5014,5019,5030,5041,5052)
(10283,359,5001,5007,5013,5019,5025,5031)
(10284,250,5010,5015,5014,5019,5030,5041,5046,5051)
(10285,84,5032,5021,5010)
(10286,230,5013,5019,5030,5041)
(10287,361,5039,5033,5027,5016,5011,5006)
(10288,79,5030,5041,5047,5053)
(10289,363,5055,5050,5045,5046,5041,5030,5019)
(10290,78,5050,5045,5046,5041,5030,5019,5014,5015)
(10291,363,5027,5016,5005)
(10292,76,5030,5041,5047,5053)
(10293,349,5014,5019,5030,5041,5047)
(10294,349,5055,5050,5045,5046,5041,5030,5019,5014,5015)
(10295,71,5047,5041,5030,5019,5014,5009)
(10296,98,5055,5050,5045,5046,5041,5030,5019,5008)
(10297,100,5047,5041,5030,5019,5013,5007,5001)
(10298,102,5021,5032,5043)
(10299,128,5034,5033,5027,5016,5011,5006)
(10300,125,5005,5016,5027,5033,5034,5040,5046,5047,5048,5054)
(10301,335,5024,5025,5031,5037,5043,5054)
(10302,228,5029,5018,5007)
(10303,227,5038,5027,5016,5011,5006,5001)
(10304,222,5028,5034,5040,5051)
(10305,124,5030,5041,5047,5053)
(10306,223,5039,5033,5027,5016)
(10307,338,5009,5014,5019,5030,5041,5046,5045,5044)
(10308,225,5015,5014,5019,5030,5041,5052)
(10309,338,5055,5050,5045,5046,5041,5030,5019,5014,5009)
(10310,123,5011,5016,5027,5033,5034,5040)
(10311,121,5013,5019,5030,5041)
(10312,339,5054,5043,5037,5031,5025,5019,5013,5007)
(10313,341,5018,5029,5040)
(10314,257,5033,5027,5016,5005)
(10315,341,5055,5050,5045,5046,5041,5030,5019)
(10316,285,5039,5033,5027,5016,5005)
(10317,120,5052,5041,5030,5019,5013,5007)
(10318,342,5032,5043,5054)
(10319,288,5027,5016,5005)
(10320,343,5051,5040,5029,5018)
(10321,289,5009,5020,5031,5037,5043,5054)
(10322,290,5011,5016,5027,5033,5034,5040,5046,5047)
(10323,291,5040,5034,5033,5027,5016,5005)
(10324,344,5007,5013,5019,5030,5041,5047,5053)
(10325,345,5034,5033,5027,5016,5011,5006)
(10326,345,5047,5041,5030,5019,5013)
(10327,292,5038,5027,5016,5011,5006)
(10328,347,5050,5039,5033,5027,5016,5011)
(10329,117,5031,5025,5019,5013,5007,5001)
(10330,293,5028,5034,5040,5046,5047,5048,5054)
(10331,112,5005,5016,5027,5038,5049)
(10332,294,5014,5019,5030,5041,5046,5051)
(10333,365,5034,5033,5027,5016,5005)
(10334,111,5008,5019,5025,5031,5037,5043,5054)
(10335,110,5034,5033,5027,5016,5011,5006)
(10336,108,5008,5019,5025,5031,5037,5043,5054)
(10337,366,5052,5041,5030,5019,5014,5009)
(10338,384,5051,5040,5034,5033,5027,5016)
(10339,295,5021,5032,5043)
(10340,384,5037,5031,5025,5019,5013,5007,5001,5000)
(10341,107,5010,5015,5014,5019,5030,5041)
(10342,104,5009,5020,5031)
(10343,386,5031,5037,5043,5054)
(10344,386,5027,5016,5005)
(10345,297,5030,5019,5013,5007)
(10346,300,5010,5021,5032,5043,5054)
(10347,388,5030,5041,5047,5053)
(10348,312,5010,5015,5014,5019,5030,5041,5052)
(10349,301,5045,5046,5041,5030,5019,5014,5009)
(10350,30,5050,5045,5046,5041,5030,5019,5014)
(10351,303,5016,5027,5033,5034,5040,5046,5052)
(10352,29,5043,5032,5021,5010)
(10353,390,5051,5040,5029,5018,5007)
(10354,391,5055,5050,5045,5046,5041,5030,5019)
(10355,305,5051,5046,5041,5030,5019)
(10356,392,5032,5043,5054)
(10357,306,5047,5046,5040,5034,5033,5027,5016,5011)
(10358,307,5006,5011,5016,5027,5038)
(10359,19,5010,5015,5014,5019,5030,5041,5046,5045,5050,5055)
(10360,308,5037,5031,5020,5009)
(10361,394,5001,5006,5011,5016,5027,5038)
(10362,310,5019,5030,5041,5046,5045,5050)
(10363,394,5052,5046,5040,5034,5033,5027,5016,5011)
(10364,287,5034,5033,5027,5016,5011,5006)
(10365,14,5021,5032,5043)
(10366,11,5028,5034,5040,5046,5047,5048,5054)
(10367,286,5052,5046,5040,5034,5033,5027,5016,5005)
(10368,10,5024,5025,5031,5037,5043,5054)
(10369,271,5032,5021,5010)
(10370,260,5010,5015,5014,5019,5030,5041)
(10371,7,5015,5014,5019,5030,5041,5052)
(10372,397,5047,5041,5030,5019,5014)
(10373,6,5013,5019,5030,5041)
(10374,383,5037,5031,5025,5019,5008)
(10375,398,5038,5027,5016,5011,5006)
(10376,263,5054,5043,5037,5031,5020)
(10377,381,5010,5021,5032)
(10378,3,5019,5030,5041,5046,5045,5050,5055)
(10379,367,5050,5039,5033,5027,5016,5011)
(10380,368,5015,5014,5019,5030,5041,5046,5045,5050,5055)
(10381,264,5028,5034,5040,5046,5047,5048,5054)
(10382,34,5010,5015,5014,5019,5030,5041,5046,5045,5050,5055)
(10383,266,5037,5031,5025,5019,5013,5007,5001,5000)
(10384,267,5008,5019,5030,5041,5046,5045,5050,5055)
(10385,35,5010,5015,5014,5019,5030,5041,5047)
(10386,63,5054,5043,5037,5031,5025,5019)
(10387,268,5049,5038,5027,5016,5011,5006,5001)
(10388,62,5055,5050,5045,5046,5041,5030,5019,5014,5015)
(10389,371,5005,5016,5027,5038)
(10390,372,5037,5031,5025,5019,5008)
(10391,270,5044,5045,5046,5041,5030,5019,5014,5009)
(10392,58,5033,5027,5016,5011,5006)
(10393,374,5033,5027,5016,5005)
(10394,272,5024,5030,5041,5052)
(10395,284,5031,5020,5009)
(10396,273,5018,5029,5034,5039,5050)
(10397,50,5027,5033,5034,5040,5046,5047,5053)
(10398,276,5027,5033,5039,5050)
(10399,277,5030,5041,5047,5053)
(10400,376,5018,5029,5040)
(10401,278,5010,5021,5032,5043,5054)
(10402,47,5039,5033,5027,5016,5005)
(10403,377,5019,5025,5031,5037,5043,5054)
(10404,279,5031,5042,5053)
(10405,378,5027,5016,5005)
(10406,43,5028,5039,5050)
(10407,42,5054,5043,5032)
(10408,380,5033,5027,5016,5005)
(10409,41,5053,5047,5041,5030,5019,5014,5009)
(10410,333,5024,5030,5041,5047,5053)
(10411,281,5027,5038,5049)
(10412,382,5053,5047,5041,5030,5019,5013,5007)
(10413,283,5031,5042,5053)
(10414,406,5053,5047,5041,5030,5019,5014,5009)
(10415,258,5055,5050,5045,5046,5041,5030,5019,5014,5009)
(10416,298,5031,5025,5019,5013,5007)
(10417,401,5009,5014,5019,5030,5041,5046,5045,5050)
(10418,188,5015,5014,5019,5030,5041,5052)
(10419,189,5008,5019,5030,5041,5046,5045,5050,5055)
(10420,282,5037,5031,5025,5019,5013,5007,5001)
(10421,193,5045,5046,5041,5030,5019,5008)
(10422,280,5014,5019,5030,5041,5047,5053)
(10423,296,5031,5037,5043,5054)
(10424,405,5033,5027,5016,5011,5006)
(10425,194,5006,5011,5016,5027,5033,5034,5040)
(10426,275,5037,5031,5025,5019,5013,5007,5001)
(10427,301,5016,5027,5033,5034,5040,5046,5047,5053)
(10428,404,5010,5015,5014,5019,5030,5041,5047,5053)
(10429,301,5005,5016,5027,5033,5034,5040,5046,5047,5048,5054)
(10430,206,5027,5033,5034,5040,5046,5052)
(10431,274,5028,5034,5040,5046,5047,5053)
(10432,213,5055,5050,5045,5046,5041,5030,5019,5014,5015,5010)
(10433,207,5037,5031,5025,5019,5013,5007,5001,5000)
(10434,269,5041,5030,5019,5013,5007,5001)
(10435,208,5050,5039,5033,5027,5016,5011)
(10436,297,5031,5037,5043,5054)
(10437,181,5046,5040,5034,5033,5027,5016,5011)
(10438,265,5034,5033,5027,5016,5011,5006)
(10439,262,5008,5019,5030,5041,5046)
(10440,261,5016,5027,5033,5034,5040,5051)
(10441,147,5008,5019,5030,5041,5046,5051)
(10442,143,5037,5031,5025,5019,5013,5007,5001,5000)
(10443,299,5050,5039,5034,5029,5018)
(10444,331,5035,5034,5033,5027,5016,5005)
(10445,137,5019,5030,5041,5046,5045,5050,5055)
(10446,311,5051,5040,5034,5028)
(10447,159,5052,5041,5030,5024)
(10448,309,5020,5031,5037,5043)
(10449,178,5046,5041,5030,5019,5014,5015,5010)
(10450,177,5030,5019,5013,5007)
(10451,321,5005,5016,5027,5033,5034,5040,5046,5047,5048)
(10452,322,5053,5047,5041,5030,5019,5013,5007,5001)
(10453,176,5055,5050,5045,5046,5041,5030,5019,5014,5015)
(10454,173,5032,5043,5054)
(10455,304,5031,5025,5019,5013,5007)
(10456,302,5031,5025,5019,5013,5007,5001)
(10457,182,5011,5016,5027,5038,5049)
(10458,325,5053,5047,5041,5030)
(10459,220,5005,5016,5027,5038,5049)
(10460,326,5014,5019,5030,5041,5046,5051)
(10461,169,5040,5034,5033,5027,5016,5005)
(10462,326,5048,5047,5046,5040,5034,5033,5027,5016,5011)
(10463,136,5001,5006,5011,5016,5027,5038)
(10464,327,5027,5038,5049)
(10465,296,5039,5033,5027,5016,5011,5006)
(10466,218,5040,5029,5018)
(10467,204,5005,5016,5027,5038)
(10468,201,5031,5025,5019,5013,5007,5001,5000)
(10469,329,5016,5027,5033,5034,5040)
(10470,186,5052,5046,5040,5034,5033,5027)
(10471,259,5015,5014,5019,5030,5041,5046,5051)
(10472,330,5032,5043,5054)
(10473,318,5032,5021,5010)
(10474,253,5011,5016,5027,5033,5034,5040,5046,5047,5048,5054)
(10475,226,5010,5015,5014,5019,5030,5041,5046,5045,5050)
(10476,317,5027,5016,5005)
(10477,316,5054,5043,5037,5031,5025,5019,5013,5007,5001)
(10478,224,5035,5034,5033,5027,5016,5005)
(10479,303,5001,5007,5013,5019,5025,5031,5037)
(10480,304,5007,5018,5029,5040,5051)
(10481,151,5010,5015,5014,5019,5030,5041,5046,5045,5044)
(10482,229,5052,5041,5030,5019,5014,5009)
(10483,243,5052,5041,5030,5019,5014)
(10484,163,5024,5025,5031,5037,5043,5054)
(10485,231,5007,5013,5019,5025,5031,5037,5043)
(10486,255,5015,5014,5019,5030,5041,5047,5053)
(10487,170,5040,5029,5018)
(10488,180,5040,5034,5033,5027,5016)
(10489,306,5029,5018,5007)
(10490,307,5028,5034,5040,5046,5047,5048,5054)
(10491,307,5043,5037,5031,5020)
(10492,254,5040,5034,5033,5027,5016)
(10493,145,5045,5046,5041,5030,5019,5014,5015,5010)
(10494,252,5031,5020,5009)
(10495,144,5028,5039,5050)
(10496,309,5053,5047,5041,5030,5019,5014,5015,5010)
(10497,251,5011,5016,5027,5033,5034,5040,5046,5047,5048)
(10498,246,5033,5027,5016,5005)
(10499,245,5027,5038,5049)
(10500,311,5032,5043,5054)
(10501,210,5030,5041,5047,5053)
(10502,311,5043,5037,5031,5025,5019,5008)
(10503,312,5039,5033,5027,5016,5005)
(10504,212,5024,5030,5041,5052)
(10505,313,5037,5031,5025,5019,5013,5007)
(10506,239,5008,5019,5025,5031,5037)
(10507,314,5005,5016,5027,5038,5049)
(10508,238,5021,5032,5043)
(10509,235,5006,5011,5016,5027,5038,5049)
(10510,96,5046,5040,5034,5033,5027,5016)
(10511,2,5016,5027,5033,5039,5050)
