#carID, StartTime, RoadID...
(10000,2,5020,5031,5042,5053)
(10001,400,5039,5028,5017,5012,5007)
(10002,399,5023,5024,5025,5031,5042,5053)
(10003,398,5050,5039,5028,5022)
(10004,397,5008,5019,5030,5036)
(10005,396,5040,5029,5018,5013,5014,5009)
(10006,395,5028,5039,5050)
(10007,394,5012,5018,5024,5025,5026,5032,5043)
(10008,393,5009,5020,5031,5036,5035,5034,5039)
(10009,392,5056,5057,5052,5041,5030,5025,5020,5015)
(10010,391,5008,5019,5030,5035,5040,5051,5056,5055)
(10011,390,5043,5032,5021,5010,5004,5003,5002)
(10012,389,5040,5034,5028,5017,5006)
(10013,388,5057,5056,5055,5049,5038,5027,5016)
(10014,401,5019,5030,5041,5052)
(10015,387,5028,5017,5011,5005)
(10016,385,5036,5030,5019,5008,5002)
(10017,384,5055,5056,5057,5052,5041,5030,5019,5014)
(10018,383,5023,5024,5025,5031,5042,5048,5054)
(10019,382,5025,5031,5042,5048,5054)
(10020,381,5043,5032,5021,5010,5004,5003)
(10021,380,5056,5057,5052,5041,5030,5019,5008)
(10022,379,5032,5043,5054)
(10023,378,5056,5050,5039,5033,5027,5016,5005)
(10024,377,5056,5057,5052,5041,5030,5025,5020,5015)
(10025,376,5027,5016,5005)
(10026,375,5054,5043,5032)
(10027,374,5039,5028,5017)
(10028,373,5040,5029,5018,5013,5008)
(10029,386,5055,5056,5057,5052,5041,5030,5019,5014)
(10030,403,5011,5012,5018,5029,5040,5051,5057,5058,5059)
(10031,299,5027,5016,5005)
(10032,404,5038,5027,5022,5017,5006)
(10033,308,5030,5019,5008)
(10034,307,5031,5042,5053)
(10035,307,5054,5043,5032,5021)
(10036,306,5031,5037,5043,5054)
(10037,305,5036,5030,5019,5008)
(10038,305,5012,5018,5024,5030,5041,5052)
(10039,304,5019,5024,5029,5034,5039,5050)
(10040,303,5032,5043,5054)
(10041,303,5020,5031,5042,5047,5052)
(10042,302,5011,5012,5013,5014,5020,5026,5032,5043)
(10043,301,5018,5024,5030,5041,5052,5058)
(10044,301,5055,5056,5057,5052,5041,5030,5019,5008,5003)
(10045,300,5032,5043,5054)
(10046,309,5023,5024,5025,5031,5042,5053)
(10047,299,5012,5018,5024,5025,5026,5032,5043)
(10048,298,5019,5030,5041,5047,5053)
(10049,297,5039,5028,5017,5012,5013,5014,5009,5004)
(10050,297,5041,5030,5019,5008,5002)
(10051,296,5016,5027,5038,5049)
(10052,295,5031,5042,5053)
(10053,295,5006,5012,5018,5029)
(10054,294,5027,5016,5005)
(10055,293,5049,5038,5027,5016,5005)
(10056,293,5010,5021,5032,5043)
(10057,408,5032,5026,5020,5014,5013,5007)
(10058,407,5012,5018,5024,5030,5041,5052)
(10059,406,5052,5041,5030,5019,5013,5007,5001)
(10060,405,5051,5040,5029,5024,5025,5026,5021,5010)
(10061,372,5009,5020,5031,5042,5053,5059)
(10062,402,5003,5002,5007,5012,5011,5016,5027,5038)
(10063,371,5027,5016,5005)
(10064,338,5040,5034,5028,5017)
(10065,336,5027,5038,5049)
(10066,335,5056,5057,5052,5041,5030,5025,5020,5015)
(10067,334,5042,5036,5035,5034,5033,5027,5016,5005)
(10068,333,5042,5036,5035,5034,5033,5027,5016)
(10069,332,5044,5039,5034,5035,5030,5025,5020,5009)
(10070,331,5028,5017,5011,5005)
(10071,330,5055,5056,5057,5052,5041,5030,5019)
(10072,329,5012,5018,5029,5040)
(10073,328,5000,5006,5012,5018,5029,5040,5046,5047)
(10074,327,5030,5019,5008,5002,5001)
(10075,326,5036,5030,5019,5008,5002)
(10076,325,5028,5017,5006)
(10077,324,5042,5036,5035,5029,5018,5007,5001)
(10078,337,5008,5019,5030,5041,5047,5048)
(10079,323,5029,5040,5051)
(10080,321,5050,5039,5028,5017,5011,5005)
(10081,320,5058,5057,5051,5040,5034,5033,5027)
(10082,319,5027,5038,5049,5055,5056,5057,5058)
(10083,318,5053,5042,5031,5020,5014)
(10084,317,5007,5013,5019,5025,5031,5042,5053,5059)
(10085,316,5025,5031,5042,5053)
(10086,315,5039,5028,5017)
(10087,314,5019,5030,5041,5047,5048,5054)
(10088,313,5021,5032,5043)
(10089,312,5039,5028,5017,5012,5007)
(10090,311,5025,5031,5042,5048,5054)
(10091,310,5048,5047,5041,5030,5019)
(10092,309,5010,5021,5032,5037,5036,5041,5046,5045,5044,5049)
(10093,322,5021,5032,5037,5036,5041,5052,5057,5056)
(10094,339,5041,5030,5019,5008,5002,5001,5000)
(10095,354,5055,5056,5057,5052,5041,5030,5019,5014,5015)
(10096,340,5040,5029,5018,5013,5014,5009,5004)
(10097,368,5032,5043,5054)
(10098,367,5051,5040,5029,5024,5019,5008)
(10099,366,5017,5028,5039)
(10100,365,5012,5018,5029,5040)
(10101,364,5052,5041,5030,5019,5013,5007)
(10102,363,5024,5030,5036,5042,5053)
(10103,362,5030,5019,5008,5002,5001)
(10104,361,5056,5057,5052,5041,5030,5025,5020,5009,5004)
(10105,360,5054,5043,5032,5021,5015,5014)
(10106,359,5011,5012,5018,5029,5040,5051,5057)
(10107,358,5027,5016,5005)
(10108,357,5050,5039,5028)
(10109,356,5040,5029,5018)
(10110,369,5012,5018,5024,5030,5041,5052)
(10111,355,5056,5050,5039,5028)
(10112,353,5000,5006,5012,5018,5029,5035,5036)
(10113,352,5017,5028,5039,5050)
(10114,351,5049,5038,5027,5016,5011,5012)
(10115,350,5050,5039,5028,5017,5012,5007)
(10116,349,5025,5031,5042,5053)
(10117,348,5021,5032,5043,5054,5059)
(10118,347,5019,5030,5041,5047,5048)
(10119,346,5011,5012,5018,5029,5040,5051,5057)
(10120,345,5059,5058,5057,5051,5040,5034,5028,5017)
(10121,344,5029,5018,5007,5001,5000)
(10122,343,5009,5020,5031,5042,5047)
(10123,342,5056,5050,5039,5033,5027,5016,5005)
(10124,341,5010,5021,5032,5043,5054,5059)
(10125,370,5010,5021,5032,5037,5042)
(10126,309,5009,5020,5031,5042,5053,5059)
(10127,310,5010,5021,5032,5037,5036,5041,5046,5045,5044,5049)
(10128,311,5012,5018,5024,5030,5041,5052,5058)
(10129,373,5027,5016,5005)
(10130,372,5038,5027,5016)
(10131,372,5041,5030,5024,5018)
(10132,371,5030,5041,5052)
(10133,370,5012,5018,5024,5025,5026,5032,5043)
(10134,370,5006,5017,5028,5039,5044,5049)
(10135,369,5032,5043,5054)
(10136,368,5010,5021,5032,5037,5036,5041)
(10137,368,5021,5032,5037,5036,5041,5052)
(10138,367,5036,5030,5019,5008,5002,5001,5000)
(10139,366,5051,5040,5029)
(10140,365,5056,5057,5052,5041,5030,5025,5020,5009,5004)
(10141,365,5043,5032,5021,5010,5004)
(10142,374,5016,5027,5038,5044)
(10143,364,5007,5018,5029,5040,5051,5056)
(10144,363,5030,5019,5008)
(10145,362,5016,5027,5038,5049)
(10146,361,5059,5058,5057,5051,5040,5034,5028,5022)
(10147,361,5027,5038,5049)
(10148,360,5031,5037,5043,5054)
(10149,359,5029,5018,5007,5001)
(10150,359,5041,5030,5025,5020,5009,5004)
(10151,358,5049,5038,5027,5016)
(10152,357,5007,5018,5029,5040,5051,5057)
(10153,357,5042,5036,5035,5034,5028,5017)
(10154,356,5053,5042,5031)
(10155,355,5052,5041,5030,5019,5008)
(10156,355,5032,5043,5054)
(10157,363,5027,5016,5005)
(10158,374,5031,5042,5053)
(10159,375,5020,5031,5042,5047,5052,5057)
(10160,376,5051,5040,5029,5024,5019,5008)
(10161,395,5019,5024,5029,5034,5039,5044,5049)
(10162,394,5009,5020,5031,5042,5047)
(10163,394,5031,5037,5043,5054)
(10164,393,5031,5042,5053)
(10165,392,5010,5021,5032,5043)
(10166,392,5055,5056,5057,5052,5041,5030,5019,5008,5003,5004)
(10167,391,5027,5016,5005)
(10168,390,5027,5016,5005)
(10169,390,5008,5019,5030,5041,5047,5048)
(10170,389,5024,5030,5036,5042,5053)
(10171,388,5023,5024,5025,5031,5042,5048,5054)
(10172,388,5018,5029,5040)
(10173,387,5012,5018,5024,5025,5026,5032,5043,5054)
(10174,386,5010,5021,5032,5037,5036,5041,5046,5045,5044,5049)
(10175,386,5023,5024,5030,5041,5052)
(10176,385,5021,5032,5037,5036,5041,5052,5057)
(10177,384,5052,5041,5030,5019,5013,5007)
(10178,384,5044,5039,5034,5035,5030,5025,5020,5009,5004)
(10179,383,5030,5019,5008,5002)
(10180,382,5024,5030,5036,5042,5048,5054)
(10181,382,5043,5032,5021)
(10182,381,5007,5013,5019,5025,5031,5042,5053)
(10183,380,5010,5021,5032,5037,5036,5041,5046,5045,5044,5049)
(10184,380,5011,5012,5018,5029,5035,5036,5042)
(10185,379,5019,5030,5041,5047,5053)
(10186,378,5053,5042,5031,5026,5021)
(10187,378,5042,5031,5020,5009,5003)
(10188,377,5027,5038,5049,5055)
(10189,376,5028,5017,5006)
(10190,354,5043,5032,5021,5010,5004,5003)
(10191,353,5021,5032,5043)
(10192,353,5020,5031,5042,5048)
(10193,331,5008,5019,5030,5035,5040)
(10194,330,5009,5020,5031,5042,5047,5052,5057,5056,5055)
(10195,329,5042,5036,5035,5034,5033,5027,5016)
(10196,328,5038,5027,5022,5017,5006)
(10197,328,5039,5033,5027,5016,5005)
(10198,327,5019,5030,5041,5047,5048,5054)
(10199,326,5027,5016,5005)
(10200,326,5011,5012,5018,5029,5040)
(10201,325,5052,5041,5030,5025,5020)
(10202,324,5030,5019,5008)
(10203,324,5025,5031,5042,5053)
(10204,323,5041,5030,5019,5008)
(10205,322,5027,5016,5005)
(10206,322,5059,5058,5057,5051,5040,5034,5028,5022)
(10207,330,5010,5021,5032,5037,5042)
(10208,321,5019,5030,5041,5047)
(10209,320,5027,5016,5005)
(10210,319,5027,5016,5005)
(10211,318,5028,5017,5006)
(10212,318,5007,5013,5019,5025,5031,5042,5048)
(10213,317,5050,5039,5028,5017,5012)
(10214,316,5031,5037,5043,5054)
(10215,316,5006,5012,5018,5029,5040,5051,5057,5058,5059)
(10216,315,5031,5042,5053)
(10217,314,5032,5043,5054)
(10218,314,5017,5028,5039,5050,5055)
(10219,313,5030,5019,5008,5002,5001)
(10220,312,5006,5012,5018,5029,5040,5051)
(10221,312,5028,5017,5011,5005)
(10222,320,5043,5032,5021,5010,5004,5003,5002,5001)
(10223,332,5041,5030,5025,5020,5009)
(10224,342,5010,5021,5032,5037,5036,5041,5046)
(10225,332,5038,5027,5022,5017,5006)
(10226,351,5023,5024,5025,5031,5042,5048,5054)
(10227,351,5027,5016,5005)
(10228,350,5008,5019,5030,5036)
(10229,349,5053,5042,5036,5030)
(10230,349,5048,5047,5046,5045,5044,5038,5027,5016)
(10231,348,5042,5031,5020,5009,5004)
(10232,347,5032,5043,5054)
(10233,347,5012,5011,5016,5027,5038,5049)
(10234,346,5017,5028,5039,5050,5056)
(10235,345,5008,5019,5030,5035,5040,5051,5056,5055)
(10236,345,5021,5032,5043)
(10237,344,5028,5017,5011,5005)
(10238,343,5006,5012,5018,5029,5040,5046,5047,5048)
(10239,352,5041,5030,5019)
(10240,343,5017,5028,5039,5050)
(10241,341,5031,5020,5009)
(10242,341,5048,5047,5041,5030,5024,5018)
(10243,340,5030,5019,5008)
(10244,339,5021,5032,5043,5054)
(10245,339,5036,5030,5019,5008,5002,5001,5000)
(10246,338,5024,5030,5036,5042,5053)
(10247,337,5032,5026,5020,5009)
(10248,336,5025,5031,5042,5048,5054)
(10249,336,5021,5032,5037,5036,5041,5052,5057,5056)
(10250,335,5048,5047,5041,5030,5024,5018,5012)
(10251,334,5028,5017,5011,5005)
(10252,334,5059,5053,5042,5036,5030)
(10253,333,5041,5030,5019,5008,5002)
(10254,308,5029,5040,5051,5057)
(10255,307,5041,5030,5019,5008,5002,5001)
(10256,306,5000,5006,5012,5018,5029,5040,5046)
(10257,169,5029,5018,5007,5001,5000)
(10258,124,5032,5026,5020,5009)
(10259,123,5011,5012,5018,5029,5040,5051,5057)
(10260,121,5018,5024,5030,5041,5052)
(10261,120,5008,5019,5030,5035,5040,5051,5056,5055)
(10262,119,5010,5021,5032)
(10263,117,5021,5032,5037,5036,5041,5052,5057,5056)
(10264,116,5056,5050,5039,5033,5027,5016,5005)
(10265,115,5058,5057,5051,5040,5034,5028,5017,5006)
(10266,113,5019,5024,5029,5040,5051)
(10267,112,5041,5030,5024,5023,5022,5016)
(10268,111,5027,5016,5005)
(10269,110,5055,5056,5057,5052,5041,5030,5019,5008,5003)
(10270,108,5052,5041,5030)
(10271,125,5032,5026,5020,5014,5008)
(10272,107,5044,5039,5034,5035,5030,5025,5020,5009)
(10273,104,5018,5024,5030,5041,5052)
(10274,103,5027,5038,5049,5055,5056,5057,5058,5059)
(10275,102,5021,5032,5037,5036,5041,5052)
(10276,100,5007,5013,5019,5025,5026,5032)
(10277,99,5019,5024,5029,5034,5039,5044,5049)
(10278,98,5036,5030,5019,5008,5002)
(10279,96,5030,5019,5008,5002,5001)
(10280,95,5041,5030,5019,5008,5002,5001)
(10281,94,5029,5040,5051)
(10282,92,5049,5038,5027,5016,5011,5012,5007)
(10283,91,5032,5043,5054)
(10284,90,5052,5041,5030)
(10285,88,5000,5006,5012,5018,5029,5040,5051)
(10286,106,5054,5043,5032,5021,5015,5009)
(10287,128,5011,5012,5018,5029,5035,5036,5042)
(10288,148,5032,5043,5054)
(10289,129,5042,5036,5035,5029,5018)
(10290,167,5032,5043,5054)
(10291,165,5058,5057,5051,5040,5029)
(10292,164,5006,5012,5018,5029,5035)
(10293,163,5024,5030,5036,5042,5053)
(10294,161,5018,5024,5030,5041,5052)
(10295,160,5052,5041,5030,5019)
(10296,159,5016,5027,5038,5044,5050)
(10297,157,5029,5040,5051,5057)
(10298,156,5007,5013,5019,5025,5031,5042,5048)
(10299,155,5007,5013,5019,5025,5031,5042,5053)
(10300,153,5031,5037,5043,5054)
(10301,152,5017,5028,5039,5050,5056)
(10302,151,5024,5030,5036,5042,5053)
(10303,168,5030,5024,5023,5022,5016,5005)
(10304,149,5052,5041,5030,5025,5020)
(10305,147,5027,5038,5049,5055,5056,5057)
(10306,145,5029,5018,5007,5001,5000)
(10307,144,5050,5039,5028)
(10308,143,5032,5043,5054)
(10309,141,5029,5018,5007,5001)
(10310,140,5027,5016,5005)
(10311,139,5028,5017,5006)
(10312,137,5010,5021,5032,5037,5036,5041,5052)
(10313,136,5029,5018,5007)
(10314,135,5000,5006,5012,5018,5029,5040,5046,5047,5048)
(10315,133,5043,5032,5021,5010,5004)
(10316,132,5030,5024,5023,5022,5016,5005)
(10317,131,5010,5021,5032)
(10318,87,5021,5032,5037,5036,5041,5052,5057,5056,5055)
(10319,127,5040,5029,5018,5013,5008)
(10320,86,5040,5034,5033,5027,5016,5005)
(10321,42,5020,5031,5042)
(10322,39,5056,5050,5039,5033,5027)
(10323,38,5018,5029,5040,5051)
(10324,37,5055,5056,5057,5052,5041,5030,5019)
(10325,35,5019,5030,5041,5047,5053)
(10326,34,5016,5027,5038,5049)
(10327,33,5020,5031,5042,5053)
(10328,31,5029,5018,5007)
(10329,30,5019,5030,5041)
(10330,29,5011,5012,5018,5029,5035,5036,5042)
(10331,27,5054,5043,5032,5021)
(10332,26,5051,5040,5029,5018,5012)
(10333,25,5020,5031,5042,5048)
(10334,23,5019,5030,5041,5047,5048,5054)
(10335,41,5006,5012,5018,5029,5035)
(10336,22,5027,5016,5005)
(10337,19,5007,5013,5019,5025,5031,5042,5053)
(10338,18,5010,5021,5032)
(10339,17,5038,5027,5022,5017,5006)
(10340,15,5019,5024,5029,5034,5039,5050)
(10341,14,5027,5038,5049)
(10342,13,5030,5019,5008,5002,5001)
(10343,11,5043,5032,5021,5015)
(10344,10,5051,5040,5029,5018,5007)
(10345,9,5043,5032,5021,5015)
(10346,7,5032,5043,5054)
(10347,6,5038,5027,5022,5017,5006,5001,5002)
(10348,5,5053,5042,5031,5020,5014,5013)
(10349,3,5036,5030,5019,5008)
(10350,21,5027,5016,5005)
(10351,43,5042,5036,5035,5034,5033,5027,5016)
(10352,63,5027,5016,5005)
(10353,45,5042,5036,5035,5034,5028,5017)
(10354,82,5027,5038,5049,5055,5056)
(10355,80,5021,5032,5043,5054,5059)
(10356,79,5008,5019,5030,5035,5040,5051)
(10357,78,5032,5043,5054)
(10358,76,5018,5024,5030,5041,5047)
(10359,75,5032,5043,5054)
(10360,74,5050,5039,5028,5017)
(10361,72,5056,5057,5052,5041,5030,5025,5020,5015)
(10362,71,5042,5031,5020)
(10363,70,5051,5040,5029,5018,5007)
(10364,68,5032,5026,5020,5009)
(10365,67,5058,5057,5051,5040,5034,5033,5027,5016,5005)
(10366,66,5006,5017,5028,5039,5050)
(10367,83,5016,5027,5038,5044)
(10368,64,5056,5057,5052,5041,5030,5025,5020,5015)
(10369,62,5028,5017,5011,5005)
(10370,60,5027,5016,5005)
(10371,59,5054,5043,5032,5021,5015,5014,5008,5002)
(10372,58,5027,5016,5005)
(10373,56,5000,5006,5012,5018,5029,5040,5046,5047,5053)
(10374,55,5020,5031,5042,5053,5059)
(10375,54,5050,5039,5028,5017,5012,5007)
(10376,53,5003,5002,5007,5012,5011,5016,5027,5038)
(10377,51,5054,5043,5032,5021,5015,5014,5008)
(10378,50,5021,5032,5037,5036,5041,5052,5057)
(10379,49,5029,5040,5051,5057)
(10380,47,5021,5032,5037,5036,5041,5052,5057,5056,5055)
(10381,46,5017,5028,5039,5050,5055)
(10382,84,5038,5027,5022,5017,5006,5001,5002)
(10383,170,5018,5029,5040)
(10384,242,5040,5029,5018,5007)
(10385,172,5007,5018,5029,5040)
(10386,272,5019,5024,5029,5034,5039,5044,5049)
(10387,271,5016,5027,5038,5044)
(10388,270,5020,5031,5042,5047,5052)
(10389,269,5030,5019,5008,5002)
(10390,268,5036,5030,5019,5008,5002,5001)
(10391,267,5041,5030,5019,5008,5002,5001,5000)
(10392,266,5048,5047,5041,5030,5019)
(10393,265,5007,5018,5029)
(10394,264,5043,5032,5021)
(10395,263,5025,5031,5042,5053)
(10396,262,5032,5043,5054)
(10397,261,5039,5028,5017,5012,5013,5014,5009)
(10398,260,5027,5038,5049)
(10399,273,5027,5016,5005)
(10400,259,5051,5040,5029,5018,5012)
(10401,257,5027,5016,5005)
(10402,256,5050,5039,5028,5017,5011)
(10403,255,5031,5037,5043,5054)
(10404,254,5023,5024,5030,5041,5052)
(10405,253,5006,5012,5018,5029,5040,5051,5057)
(10406,252,5039,5028,5017,5012,5007)
(10407,251,5007,5012,5011,5016,5027,5038,5049)
(10408,250,5029,5018,5007,5001,5000)
(10409,249,5025,5031,5042,5048,5054)
(10410,248,5040,5029,5018,5013,5014,5009)
(10411,247,5043,5032,5021,5010,5004,5003)
(10412,246,5028,5039,5050)
(10413,245,5019,5024,5029,5034,5039,5050)
(10414,258,5056,5050,5039,5033,5027)
(10415,275,5027,5016,5005)
(10416,290,5018,5024,5030,5041)
(10417,276,5032,5043,5054)
(10418,304,5031,5042,5053)
(10419,303,5025,5031,5042,5048,5054)
(10420,302,5032,5043,5054)
(10421,301,5018,5024,5030,5041,5047,5048)
(10422,300,5032,5026,5020,5014,5013,5007)
(10423,299,5031,5042,5053)
(10424,298,5039,5028,5017)
(10425,297,5027,5038,5049,5055,5056,5057,5058)
(10426,296,5056,5057,5052,5041,5030,5025,5020,5009)
(10427,295,5056,5057,5052,5041,5030,5025,5020,5015)
(10428,294,5017,5028,5039,5050,5056)
(10429,293,5023,5024,5030,5041,5052)
(10430,292,5010,5021,5032,5043,5054)
(10431,305,5055,5056,5057,5052,5041,5030,5019)
(10432,291,5039,5028,5017)
(10433,289,5032,5043,5054)
(10434,288,5006,5012,5018,5029,5040,5051,5057,5058,5059)
(10435,287,5029,5018,5007)
(10436,286,5016,5027,5038,5044)
(10437,285,5051,5040,5029,5018)
(10438,284,5008,5019,5030,5041,5052,5058)
(10439,283,5036,5030,5019,5008)
(10440,282,5030,5019,5008,5002,5001)
(10441,281,5003,5002,5007,5012,5011,5016,5027,5038)
(10442,280,5030,5019,5008)
(10443,279,5042,5036,5035,5034,5033,5027,5016)
(10444,278,5051,5040,5029,5024,5019,5008,5003)
(10445,277,5032,5043,5054)
(10446,244,5050,5039,5028,5022)
(10447,274,5039,5028,5017,5006)
(10448,243,5020,5031,5042)
(10449,210,5038,5027,5016,5005)
(10450,208,5039,5028,5017,5012,5013,5008)
(10451,207,5051,5040,5029,5024,5019,5008)
(10452,206,5023,5024,5025,5031,5042,5053)
(10453,205,5051,5040,5029,5018,5012,5006)
(10454,204,5012,5018,5024,5025,5026,5032,5043)
(10455,202,5020,5031,5042,5047,5052,5057,5056,5055)
(10456,201,5020,5031,5042,5048)
(10457,200,5012,5018,5029,5040)
(10458,198,5053,5042,5036,5030)
(10459,197,5027,5038,5049,5055,5056,5057)
(10460,196,5020,5031,5042,5053)
(10461,194,5058,5057,5051,5040,5034,5033,5027,5016)
(10462,193,5007,5018,5029)
(10463,209,5029,5040,5051,5057)
(10464,192,5027,5038,5049,5055,5056,5057)
(10465,189,5036,5030,5019,5008,5002)
(10466,188,5016,5027,5038,5044)
(10467,186,5016,5027,5038,5044)
(10468,185,5058,5057,5051,5040,5034,5028,5017)
(10469,184,5043,5032,5021,5010,5004,5003,5002,5001)
(10470,182,5031,5037,5043,5054)
(10471,181,5038,5027,5016,5005)
(10472,180,5041,5030,5019,5008)
(10473,178,5040,5034,5028,5017)
(10474,177,5030,5041,5052)
(10475,176,5027,5016,5005)
(10476,174,5011,5012,5018,5029,5040,5051,5057,5058,5059)
(10477,173,5027,5038,5049,5055,5056)
(10478,190,5052,5041,5030,5019,5013,5007,5001)
(10479,211,5020,5031,5042,5053,5059)
(10480,226,5032,5021,5010)
(10481,212,5059,5058,5057,5051,5040,5034,5028,5022)
(10482,240,5009,5020,5031,5042,5053,5059)
(10483,239,5007,5013,5019,5030)
(10484,238,5021,5032,5037,5036,5041,5052,5057,5056,5055)
(10485,237,5018,5024,5030,5041,5052,5058)
(10486,236,5051,5040,5029,5024,5025,5026,5021)
(10487,235,5025,5031,5042,5053)
(10488,234,5023,5024,5030,5041,5052)
(10489,233,5008,5019,5030,5036,5037)
(10490,232,5040,5034,5028,5017,5006)
(10491,231,5059,5058,5057,5051,5040,5034,5028,5017,5006)
(10492,230,5007,5018,5029,5040,5051,5056)
(10493,229,5027,5016,5005)
(10494,228,5021,5032,5043,5054,5059)
(10495,241,5058,5057,5051,5040,5029)
(10496,227,5051,5040,5029,5024,5025,5026,5021)
(10497,225,5040,5029,5018,5013,5008)
(10498,224,5036,5030,5019,5008,5002,5001,5000)
(10499,223,5020,5031,5042,5047,5052)
(10500,222,5038,5027,5022,5017,5006,5001,5002)
(10501,221,5031,5037,5043,5054)
(10502,220,5028,5017,5006)
(10503,219,5031,5037,5043,5054)
(10504,218,5000,5006,5012,5018,5029,5040,5046)
(10505,217,5050,5039,5028,5022)
(10506,216,5020,5031,5042,5047,5052)
(10507,215,5040,5029,5018,5013,5014,5009,5004)
(10508,214,5030,5024,5023,5022,5016,5005)
(10509,213,5006,5017,5028)
(10510,396,5041,5030,5024,5023,5022,5016)
(10511,397,5027,5038,5049,5055,5056,5057,5058)
