#carID, StartTime, RoadID...
(10000,2,5040,5029,5018,5007,5001)
(10001,385,5032,5043,5054)
(10002,389,5017,5023,5029,5035,5036,5042)
(10003,407,5020,5025,5030,5041,5052)
(10004,147,5039,5034,5035,5030,5025,5020,5009)
(10005,372,5030,5019,5013,5007,5001)
(10006,363,5013,5019,5030,5036,5042)
(10007,362,5010,5015,5020,5025,5030,5035,5034,5039,5044,5049)
(10008,387,5017,5023,5029,5040,5051)
(10009,390,5053,5048,5043,5032,5021,5010)
(10010,365,5006,5011,5016,5027,5038)
(10011,392,5050,5039,5028,5017,5006)
(10012,157,5023,5029,5040,5051)
(10013,169,5030,5019,5013,5007,5001)
(10014,159,5008,5019,5030,5041)
(10015,376,5049,5044,5039,5034,5029,5018,5013)
(10016,326,5054,5043,5032,5021)
(10017,327,5040,5029,5018,5007,5001)
(10018,371,5041,5035,5029,5023,5017)
(10019,370,5017,5023,5029,5035,5041)
(10020,369,5036,5030,5019,5013,5007,5001)
(10021,167,5036,5030,5019,5013,5007,5001,5000)
(10022,361,5009,5020,5025,5030,5041,5052)
(10023,367,5030,5019,5013,5007)
(10024,144,5043,5032,5021,5015)
(10025,364,5036,5030,5019,5013,5007)
(10026,141,5015,5020,5025,5030,5035,5034,5039,5050)
(10027,381,5051,5040,5029,5018,5013)
(10028,117,5030,5019,5013,5007,5001)
(10029,307,5026,5032,5043,5054)
(10030,397,5030,5019,5013,5007,5001)
(10031,394,5018,5029,5040)
(10032,311,5044,5039,5034,5029,5018,5013,5008)
(10033,124,5032,5043,5054)
(10034,312,5029,5035,5036,5042,5053)
(10035,315,5008,5014,5015,5021,5032)
(10036,384,5011,5017,5023,5029,5035,5041)
(10037,383,5009,5020,5025,5030,5035,5040,5051)
(10038,131,5001,5007,5013,5019,5030,5036,5042,5053)
(10039,322,5029,5040,5051)
(10040,406,5029,5018,5007,5001)
(10041,358,5030,5036,5042,5053)
(10042,323,5017,5023,5029,5035,5036,5037,5043,5054)
(10043,322,5021,5032,5043,5054)
(10044,310,5049,5044,5039,5034,5035,5030,5025,5020,5015)
(10045,309,5049,5044,5039,5034,5035,5030,5025,5020,5009)
(10046,309,5041,5030,5019,5013,5007,5001)
(10047,308,5040,5029,5018,5013,5008)
(10048,211,5041,5030,5025,5020,5009)
(10049,329,5009,5020,5025,5030,5035,5034,5039,5044)
(10050,204,5058,5053,5048,5043,5032,5021,5010)
(10051,202,5005,5016,5027,5038)
(10052,306,5029,5035,5036,5042,5053)
(10053,314,5015,5021,5032,5043)
(10054,313,5009,5020,5031)
(10055,312,5000,5001,5007,5018,5029)
(10056,328,5045,5044,5038,5027,5016)
(10057,307,5027,5038,5044,5050)
(10058,328,5043,5032,5021,5015,5014,5008)
(10059,330,5023,5029,5040,5051,5057)
(10060,201,5000,5001,5007,5013,5014,5015,5021,5032,5043)
(10061,325,5031,5020,5009)
(10062,324,5043,5032,5021,5015,5014,5008)
(10063,323,5027,5038,5044,5050)
(10064,353,5018,5029,5034,5039,5050)
(10065,177,5018,5029,5034,5039,5044,5049)
(10066,178,5049,5044,5039,5034,5035,5030,5025,5020,5015)
(10067,180,5009,5020,5025,5030,5041)
(10068,320,5032,5043,5054)
(10069,305,5057,5051,5040,5029,5018,5007,5001,5000)
(10070,316,5042,5036,5030,5019,5013,5007)
(10071,303,5031,5042,5053)
(10072,401,5023,5029,5035,5036,5042,5053)
(10073,196,5020,5025,5030,5035,5040,5051)
(10074,348,5000,5006,5017,5028,5039)
(10075,347,5009,5020,5025,5030,5035,5034,5039,5044)
(10076,404,5043,5032,5021,5015,5014,5013,5007)
(10077,189,5029,5035,5036,5037,5043,5054)
(10078,190,5019,5030,5041,5052)
(10079,192,5027,5033,5034,5035,5036,5037,5043,5054)
(10080,405,5013,5014,5015,5021,5032,5043,5054)
(10081,345,5043,5032,5021,5015,5014,5013,5007,5001)
(10082,296,5028,5017,5006)
(10083,337,5032,5043,5054)
(10084,336,5051,5040,5035,5030,5025,5020)
(10085,409,5000,5006,5017,5028,5039)
(10086,56,5028,5017,5006,5000)
(10087,334,5044,5039,5034,5029,5018,5013,5008)
(10088,33,5010,5015,5020,5025,5030,5035,5034,5039,5044)
(10089,333,5026,5032,5043,5054)
(10090,35,5032,5043,5054)
(10091,381,5029,5018,5007)
(10092,360,5020,5025,5030,5041,5052)
(10093,315,5042,5036,5030,5019,5013,5007,5001)
(10094,41,5008,5013,5018,5029,5034,5039,5044,5049)
(10095,380,5016,5027,5038,5049)
(10096,55,5041,5030,5019,5013,5007,5001)
(10097,45,5057,5056,5050,5044,5038,5027,5016)
(10098,335,5032,5021,5015,5014,5013,5007,5001,5000)
(10099,376,5030,5041,5052)
(10100,47,5054,5043,5032,5021,5015,5009)
(10101,338,5052,5041,5030,5025,5020,5009)
(10102,339,5053,5042,5031)
(10103,340,5027,5016,5005)
(10104,53,5049,5044,5039,5034,5035,5030,5025,5020,5015,5010)
(10105,54,5013,5018,5029,5040,5051)
(10106,374,5032,5021,5015,5014,5013,5007,5001,5000)
(10107,380,5029,5035,5036,5037,5043,5054)
(10108,29,5051,5040,5035,5030,5025,5020,5015)
(10109,341,5051,5040,5029,5018)
(10110,26,5036,5030,5019,5008)
(10111,342,5015,5020,5025,5030,5035,5040,5051)
(10112,5,5009,5020,5031,5042)
(10113,343,5008,5013,5018,5029,5034,5039)
(10114,7,5032,5021,5015,5009)
(10115,9,5030,5019,5013,5007,5001,5000)
(10116,10,5011,5017,5023,5029,5035,5041)
(10117,373,5031,5042,5053)
(10118,371,5020,5031,5042,5053)
(10119,344,5043,5032,5021,5015,5014,5008)
(10120,14,5028,5039,5050)
(10121,304,5029,5018,5007)
(10122,367,5020,5025,5030,5035,5040,5051)
(10123,17,5005,5016,5027)
(10124,367,5029,5018,5007,5001,5000)
(10125,18,5023,5029,5035,5036,5042,5053)
(10126,366,5000,5001,5007,5013,5014,5015,5021,5032)
(10127,21,5017,5023,5029,5035,5041)
(10128,372,5031,5042,5053)
(10129,349,5057,5051,5040,5029)
(10130,382,5006,5011,5016,5027,5038)
(10131,382,5043,5032,5021,5015,5014,5013,5007,5001)
(10132,42,5000,5001,5007,5013,5019,5030,5036)
(10133,58,5000,5001,5007,5018,5029,5040)
(10134,397,5043,5032,5021,5015,5014,5013,5007,5001,5000)
(10135,350,5032,5021,5015,5014,5013,5007)
(10136,396,5039,5034,5029,5018,5013,5008)
(10137,351,5029,5040,5051)
(10138,91,5027,5016,5005)
(10139,92,5049,5038,5027,5016,5011)
(10140,395,5052,5041,5030)
(10141,352,5009,5020,5025,5030,5035,5034,5039,5044,5049)
(10142,394,5011,5017,5023,5029,5035,5041)
(10143,96,5032,5043,5054)
(10144,393,5039,5028,5017,5006)
(10145,354,5007,5013,5019,5030,5041)
(10146,392,5049,5038,5027,5016,5011,5006)
(10147,112,5007,5018,5029,5034,5039,5044)
(10148,391,5051,5040,5029,5018,5007)
(10149,355,5031,5020,5009)
(10150,356,5028,5039,5050)
(10151,357,5013,5019,5030,5036,5042,5053)
(10152,332,5030,5019,5013,5007,5001,5000)
(10153,389,5010,5015,5020,5025,5030,5035,5034,5039,5044)
(10154,110,5036,5030,5019,5013,5007)
(10155,331,5011,5017,5023,5029,5035,5036,5037,5043,5054)
(10156,316,5043,5032,5021,5010)
(10157,305,5030,5019,5008)
(10158,306,5053,5048,5043,5032,5021)
(10159,387,5040,5035,5030,5025,5020,5009)
(10160,84,5041,5030,5019)
(10161,308,5006,5011,5016,5027,5038)
(10162,309,5032,5021,5010)
(10163,310,5030,5019,5013,5007,5001)
(10164,311,5039,5028,5017,5006)
(10165,386,5042,5031,5020,5009)
(10166,385,5008,5013,5018,5029,5034,5039,5044)
(10167,384,5015,5020,5025,5030,5035,5040,5051)
(10168,383,5045,5044,5038,5027,5016)
(10169,364,5031,5042,5053)
(10170,363,5054,5043,5032)
(10171,317,5000,5001,5007,5018,5029,5040,5051)
(10172,71,5051,5040,5029,5018,5013)
(10173,72,5008,5013,5018,5029,5034,5039,5050)
(10174,329,5010,5015,5020,5025,5030,5035,5034,5039,5044,5049)
(10175,75,5030,5041,5052)
(10176,318,5009,5020,5025,5030,5041)
(10177,78,5009,5020,5025,5030,5035,5034,5039,5044,5049)
(10178,319,5009,5020,5025,5030,5035,5034,5039)
(10179,345,5020,5025,5030,5035,5040,5051)
(10180,80,5013,5019,5030,5036,5042)
(10181,343,5028,5017,5006,5000)
(10182,320,5030,5041,5052)
(10183,198,5029,5040,5051,5057)
(10184,321,5031,5042,5053)
(10185,37,5017,5028,5039,5050)
(10186,343,5054,5043,5032,5021,5015)
(10187,324,5031,5020,5009)
(10188,325,5053,5042,5036,5030,5019,5013,5007)
(10189,68,5057,5056,5050,5044,5038,5027)
(10190,67,5032,5021,5010)
(10191,326,5029,5040,5051)
(10192,341,5040,5029,5023,5017)
(10193,327,5041,5030,5019,5013)
(10194,328,5039,5028,5017,5006)
(10195,359,5041,5035,5029,5023,5017,5011)
(10196,108,5020,5031,5042,5053)
(10197,104,5018,5029,5040)
(10198,103,5032,5021,5015,5014,5013,5007,5001)
(10199,340,5036,5030,5019,5013,5007,5001)
(10200,335,5018,5029,5034,5039,5044,5049)
(10201,334,5041,5030,5019,5013)
(10202,334,5058,5053,5048,5043,5032,5021)
(10203,382,5028,5017,5006)
(10204,393,5042,5036,5030,5019,5008)
(10205,333,5032,5021,5015,5009)
(10206,25,5050,5039,5034,5035,5030,5025,5020)
(10207,398,5014,5015,5021,5032,5043,5054)
(10208,391,5036,5030,5019,5013,5007,5001)
(10209,332,5039,5028,5017)
(10210,345,5020,5025,5030,5035,5040,5051)
(10211,346,5020,5031,5042,5053)
(10212,11,5053,5042,5036,5035,5034,5033,5027)
(10213,6,5007,5018,5029,5040,5051,5057)
(10214,347,5016,5027,5038,5044,5050,5056)
(10215,347,5036,5030,5019,5013,5007,5001)
(10216,360,5013,5018,5029,5040,5051)
(10217,359,5049,5044,5039,5034,5035,5030,5025,5020)
(10218,43,5023,5029,5035,5036,5042,5053)
(10219,375,5000,5001,5007,5018,5029,5040,5051,5057)
(10220,358,5008,5019,5030,5036)
(10221,116,5028,5017,5006,5000)
(10222,377,5021,5032,5043,5048,5053,5058)
(10223,357,5058,5053,5048,5043,5032,5021,5010)
(10224,378,5032,5043,5054)
(10225,374,5008,5019,5030,5041)
(10226,373,5032,5021,5015,5014,5013,5007)
(10227,176,5008,5019,5030,5041)
(10228,380,5032,5043,5054)
(10229,210,5026,5032,5043,5054)
(10230,388,5029,5035,5036,5037,5043,5054)
(10231,353,5001,5007,5013,5014,5015,5021,5032,5043)
(10232,200,5030,5019,5013,5007)
(10233,137,5023,5029,5040,5051)
(10234,352,5039,5034,5035,5030,5025,5020,5015,5010)
(10235,128,5018,5029,5040,5051,5057)
(10236,368,5017,5028,5039)
(10237,366,5027,5016,5005)
(10238,161,5020,5031,5042)
(10239,379,5020,5025,5030,5035,5034,5039,5044,5049)
(10240,350,5030,5036,5042,5053)
(10241,396,5028,5039,5050)
(10242,151,5030,5036,5037,5043,5054)
(10243,149,5015,5020,5025,5030,5035,5040,5051)
(10244,395,5053,5042,5031,5020,5009)
(10245,349,5049,5038,5027,5016)
(10246,386,5043,5032,5021,5015,5014,5013,5007,5001)
(10247,145,5051,5040,5029,5018,5013)
(10248,348,5041,5035,5029,5023,5017)
(10249,346,5032,5021,5015,5014,5008)
(10250,302,5053,5042,5036,5030,5019,5008)
(10251,330,5008,5014,5015,5021,5032,5043,5054)
(10252,295,5043,5032,5021,5015,5014)
(10253,217,5054,5043,5037,5036,5035,5034,5033,5027)
(10254,349,5032,5043,5054)
(10255,303,5050,5039,5034,5035,5030,5025,5020,5015)
(10256,213,5011,5017,5023,5029,5035,5036,5042)
(10257,155,5051,5040,5035,5030,5025,5020,5015,5010)
(10258,160,5049,5038,5027,5016,5011)
(10259,225,5028,5017,5006)
(10260,351,5038,5027,5016)
(10261,236,5023,5029,5040,5051)
(10262,120,5038,5027,5016,5011,5006)
(10263,351,5040,5029,5018,5007,5001)
(10264,133,5040,5029,5018)
(10265,205,5032,5021,5015,5014,5013,5007,5001)
(10266,353,5050,5039,5028,5017)
(10267,354,5042,5031,5020)
(10268,232,5036,5030,5019,5008)
(10269,355,5015,5021,5032,5043,5054)
(10270,363,5016,5027,5038,5044,5050,5056)
(10271,234,5032,5043,5054)
(10272,356,5053,5042,5036,5035,5029)
(10273,357,5031,5042,5053)
(10274,224,5041,5030,5019,5013,5007,5001)
(10275,223,5027,5016,5005)
(10276,235,5019,5030,5036,5042,5053)
(10277,194,5032,5021,5015,5014,5013,5007)
(10278,220,5040,5029,5018,5007)
(10279,34,5026,5032,5043,5054)
(10280,115,5030,5019,5008)
(10281,359,5019,5030,5036,5042,5053)
(10282,226,5050,5039,5034,5035,5030,5025,5020)
(10283,50,5018,5029,5040,5051,5057)
(10284,361,5029,5035,5036,5037,5043,5054)
(10285,361,5005,5016,5027)
(10286,362,5000,5001,5007,5018,5029,5040)
(10287,51,5008,5014,5015,5021,5032,5043)
(10288,233,5044,5039,5034,5029,5018,5013,5008)
(10289,227,5051,5040,5029,5018,5007)
(10290,219,5039,5028,5017,5006)
(10291,331,5039,5028,5017)
(10292,216,5053,5048,5043,5032,5021)
(10293,230,5023,5029,5040,5051,5057)
(10294,23,5029,5035,5036,5042,5053)
(10295,332,5057,5051,5040,5029,5018)
(10296,99,5018,5029,5040,5051,5057)
(10297,59,5009,5015,5021,5032)
(10298,88,5052,5041,5030,5025,5020)
(10299,94,5053,5042,5036,5030)
(10300,228,5032,5021,5010)
(10301,100,5008,5013,5018,5029,5034,5039,5044)
(10302,336,5032,5043,5054)
(10303,336,5026,5032,5043,5054)
(10304,337,5032,5043,5054)
(10305,338,5032,5021,5015,5014,5013,5007)
(10306,338,5017,5023,5029,5035,5041)
(10307,339,5023,5029,5035,5036,5037,5043,5054)
(10308,221,5027,5016,5005)
(10309,231,5016,5027,5038,5044,5045)
(10310,341,5029,5018,5007)
(10311,229,5042,5036,5030,5019)
(10312,86,5032,5043,5054)
(10313,83,5029,5035,5036,5037,5043,5054)
(10314,222,5029,5018,5007,5001,5000)
(10315,70,5013,5018,5029,5034,5039,5050)
(10316,218,5015,5021,5032,5043)
(10317,342,5039,5034,5035,5030,5025,5020,5009)
(10318,214,5050,5039,5034,5029,5018,5013)
(10319,269,5015,5021,5032,5043,5054)
(10320,238,5029,5035,5036,5037,5043,5054)
(10321,82,5028,5017,5006)
(10322,344,5050,5039,5034,5029,5018,5007)
(10323,79,5013,5019,5030,5041)
(10324,272,5016,5027,5038)
(10325,76,5019,5030,5041,5052)
(10326,355,5020,5025,5030,5035,5040,5051)
(10327,74,5001,5007,5013,5019,5030)
(10328,273,5008,5019,5030,5036)
(10329,274,5001,5007,5013,5019,5030)
(10330,275,5028,5017,5006,5000)
(10331,365,5054,5043,5037,5036,5035,5034,5033,5027)
(10332,276,5028,5017,5006,5000)
(10333,66,5029,5018,5007)
(10334,384,5049,5044,5039,5034,5035,5030,5025,5020,5009)
(10335,277,5043,5037,5036,5035,5029,5023,5017,5011)
(10336,64,5021,5032,5043,5048,5053,5058)
(10337,63,5031,5042,5053)
(10338,386,5009,5020,5025,5030,5035,5034,5039,5050)
(10339,62,5038,5027,5016,5011,5006)
(10340,60,5039,5028,5017)
(10341,278,5028,5017,5006,5000)
(10342,279,5020,5025,5030,5035,5034,5039,5044,5049)
(10343,388,5044,5039,5034,5035,5030,5025,5020,5015,5010)
(10344,87,5051,5040,5029,5018,5007,5001)
(10345,280,5041,5035,5029,5023,5017)
(10346,111,5021,5032,5043,5048,5053)
(10347,388,5028,5017,5006)
(10348,281,5029,5018,5007,5001,5000)
(10349,282,5029,5018,5007)
(10350,390,5053,5042,5036,5030,5019)
(10351,107,5013,5014,5015,5021,5032,5043,5054)
(10352,398,5043,5037,5036,5035,5029,5023,5017,5011)
(10353,106,5054,5043,5032,5021,5015)
(10354,283,5016,5027,5038,5044,5045)
(10355,284,5038,5027,5016)
(10356,102,5030,5041,5052)
(10357,285,5009,5020,5025,5030,5035,5034,5039,5050)
(10358,392,5014,5015,5021,5032,5043,5054)
(10359,286,5031,5042,5053)
(10360,98,5013,5019,5030,5036,5042)
(10361,95,5043,5032,5021,5015)
(10362,287,5036,5030,5019,5013,5007)
(10363,394,5011,5016,5027,5038,5049)
(10364,288,5020,5025,5030,5041,5052)
(10365,396,5032,5043,5054)
(10366,90,5040,5035,5030,5025,5020,5009)
(10367,289,5018,5029,5034,5039,5044,5049)
(10368,290,5054,5043,5032,5021,5015,5014,5013,5007)
(10369,291,5007,5018,5029,5040,5051,5057)
(10370,292,5017,5023,5029,5035,5036,5042,5053)
(10371,390,5032,5021,5015,5009)
(10372,293,5031,5020,5009)
(10373,22,5030,5041,5052)
(10374,294,5010,5021,5032,5043)
(10375,365,5030,5041,5052)
(10376,19,5029,5018,5007)
(10377,237,5000,5001,5007,5013,5019,5030,5036)
(10378,15,5036,5030,5019,5008)
(10379,368,5031,5020,5009)
(10380,369,5031,5042,5053)
(10381,296,5000,5001,5007,5013,5014,5015,5021,5032)
(10382,370,5010,5015,5020,5025,5030,5035,5040,5051)
(10383,370,5038,5027,5016,5011,5006)
(10384,13,5043,5032,5021,5015,5014)
(10385,297,5020,5025,5030,5035,5034,5039,5050)
(10386,372,5040,5029,5018,5013,5008)
(10387,298,5027,5016,5005)
(10388,299,5045,5044,5038,5027,5016)
(10389,3,5036,5030,5019,5013,5007)
(10390,27,5039,5028,5017,5006)
(10391,300,5039,5034,5029,5018,5013,5008)
(10392,30,5014,5015,5021,5032,5043,5054)
(10393,374,5029,5035,5036,5037,5043,5054)
(10394,271,5051,5040,5029,5018,5013)
(10395,301,5030,5019,5013,5007)
(10396,375,5039,5034,5035,5030,5025,5020,5009)
(10397,49,5020,5025,5030,5035,5034,5039,5050)
(10398,270,5016,5027,5038,5044,5050)
(10399,376,5028,5017,5006,5000)
(10400,377,5021,5032,5043,5054)
(10401,378,5009,5020,5031,5042,5053)
(10402,46,5010,5021,5032,5043,5048,5053,5058)
(10403,378,5050,5039,5034,5029,5018,5013)
(10404,379,5038,5027,5016,5011,5006)
(10405,268,5019,5030,5041,5052)
(10406,330,5051,5040,5029,5023)
(10407,39,5053,5042,5031,5020)
(10408,38,5053,5042,5036,5035,5029,5023,5017,5011)
(10409,239,5032,5021,5015,5014,5013,5007)
(10410,240,5028,5017,5006,5000)
(10411,31,5039,5034,5029,5018,5007)
(10412,408,5027,5016,5005)
(10413,113,5044,5039,5034,5035,5030,5025,5020,5009)
(10414,410,5015,5021,5032,5043,5054)
(10415,295,5027,5033,5034,5035,5036,5037,5043,5054)
(10416,135,5032,5021,5015,5009)
(10417,241,5020,5031,5042)
(10418,242,5027,5033,5034,5035,5036,5037,5043,5054)
(10419,297,5031,5042,5053)
(10420,298,5036,5030,5019,5008)
(10421,299,5023,5029,5040,5051)
(10422,301,5044,5038,5027,5016)
(10423,301,5021,5032,5043,5048,5053,5058)
(10424,302,5021,5032,5043,5048,5053)
(10425,243,5049,5038,5027,5016,5005)
(10426,193,5009,5020,5025,5030,5035,5034,5039,5044)
(10427,188,5029,5018,5007)
(10428,402,5048,5043,5032,5021,5010)
(10429,186,5029,5040,5051)
(10430,244,5050,5044,5038,5027,5016)
(10431,403,5039,5034,5035,5030,5025,5020,5015,5010)
(10432,245,5009,5020,5025,5030,5041)
(10433,400,5032,5043,5054)
(10434,300,5007,5013,5014,5015,5021,5032)
(10435,246,5030,5036,5042,5053)
(10436,185,5030,5019,5013,5007)
(10437,182,5031,5020,5009)
(10438,318,5020,5025,5030,5035,5040,5051)
(10439,319,5010,5015,5020,5025,5030,5035,5040,5051)
(10440,320,5001,5007,5013,5019,5030)
(10441,181,5054,5043,5032,5021)
(10442,247,5023,5029,5035,5036,5042,5053)
(10443,322,5032,5043,5054)
(10444,304,5040,5035,5030,5025,5020,5015,5010)
(10445,174,5027,5016,5005)
(10446,184,5027,5038,5049)
(10447,324,5021,5032,5043,5048,5053,5058)
(10448,197,5011,5017,5023,5029,5035,5041)
(10449,326,5051,5040,5035,5030,5025,5020)
(10450,248,5032,5043,5054)
(10451,249,5007,5013,5014,5015,5021,5032)
(10452,250,5019,5030,5036,5042,5053)
(10453,318,5021,5032,5043,5048,5053)
(10454,209,5054,5043,5032,5026)
(10455,206,5042,5036,5035,5029,5023,5017)
(10456,316,5029,5018,5007,5001,5000)
(10457,251,5054,5043,5032,5021,5015,5014,5013)
(10458,207,5001,5007,5013,5014,5015,5021,5032,5043)
(10459,208,5013,5014,5015,5021,5032,5043,5054)
(10460,307,5023,5029,5040,5051)
(10461,252,5008,5019,5030)
(10462,173,5038,5027,5016,5011,5006)
(10463,170,5011,5017,5023,5029,5035,5036,5042,5053)
(10464,156,5031,5020,5009)
(10465,139,5007,5018,5029,5040)
(10466,253,5031,5020,5009)
(10467,136,5009,5020,5025,5030,5035,5034,5039,5044)
(10468,314,5040,5029,5018,5007,5001)
(10469,172,5010,5015,5020,5025,5030,5035,5034,5039)
(10470,254,5050,5039,5034,5035,5030,5025,5020,5015,5010)
(10471,132,5032,5021,5010)
(10472,129,5029,5018,5007)
(10473,255,5013,5019,5030,5036,5042,5053)
(10474,127,5000,5001,5007,5013,5014,5015,5021,5032,5043)
(10475,314,5015,5020,5025,5030,5035,5034,5039,5050)
(10476,313,5017,5023,5029,5035,5036,5042)
(10477,125,5030,5036,5042,5053)
(10478,123,5021,5032,5043,5048,5053)
(10479,311,5008,5019,5030)
(10480,121,5032,5021,5015,5014,5008)
(10481,256,5008,5014,5015,5021,5032,5043,5054)
(10482,119,5023,5029,5035,5036,5037,5043,5054)
(10483,140,5028,5017,5006,5000)
(10484,305,5017,5023,5029,5035,5036,5042)
(10485,143,5029,5040,5051)
(10486,317,5017,5023,5029,5035,5036,5037,5043)
(10487,168,5023,5029,5035,5036,5037,5043,5054)
(10488,257,5057,5051,5040,5029,5023,5017)
(10489,165,5036,5030,5019,5013,5007,5001,5000)
(10490,164,5030,5036,5042,5053)
(10491,163,5006,5011,5016,5027,5038)
(10492,258,5009,5015,5021,5032,5043)
(10493,259,5029,5040,5051,5057)
(10494,260,5030,5036,5042,5053)
(10495,261,5028,5017,5006)
(10496,153,5014,5015,5021,5032,5043,5054)
(10497,321,5041,5030,5025,5020,5015,5010)
(10498,152,5049,5044,5039,5034,5029,5018,5013,5008)
(10499,262,5019,5030,5036,5042,5053)
(10500,263,5020,5025,5030,5035,5034,5039,5044,5049)
(10501,148,5030,5036,5042,5053)
(10502,264,5054,5043,5037,5036,5035,5029,5023)
(10503,303,5041,5030,5019,5013,5007,5001)
(10504,265,5051,5040,5029,5018,5007,5001)
(10505,299,5027,5016,5005)
(10506,297,5009,5020,5031)
(10507,295,5040,5029,5018,5007)
(10508,266,5050,5039,5028,5017)
(10509,267,5017,5023,5029,5035,5036,5042,5053)
(10510,215,5000,5001,5007,5013,5019,5030)
(10511,399,5021,5032,5043,5048,5053,5058)
