#carID, StartTime, RoadID...
(10000,959,5006,5017,5027,5038,5048,5053)
(10001,1636,5006,5017,5027)
(10002,1628,5039,5028,5018,5012,5006)
(10003,859,5000,5006,5012,5018,5028,5039,5044)
(10004,306,5028,5039,5044,5050)
(10005,1598,5030,5041,5051)
(10006,1631,5027,5033,5039,5049)
(10007,861,5041,5035,5029,5019,5008)
(10008,1632,5009,5020,5030)
(10009,702,5057,5051,5041,5035,5029,5023,5018,5012,5011)
(10010,709,5008,5019,5029,5035,5041,5051,5057)
(10011,704,5053,5048,5038,5033,5034,5029,5019)
(10012,307,5005,5016,5026,5037)
(10013,347,5019,5029,5035,5036,5042)
(10014,864,5020,5030,5041)
(10015,1667,5003,5002,5007,5012,5017,5027,5038)
(10016,1148,5048,5038,5027,5017)
(10017,1666,5007,5018,5023,5029)
(10018,1095,5021,5031,5042)
(10019,692,5028,5039,5049)
(10020,1110,5029,5023,5018,5012,5006)
(10021,1104,5036,5035,5029,5023,5018,5007)
(10022,224,5030,5041,5051)
(10023,690,5051,5046,5042,5031,5021)
(10024,889,5042,5036,5035,5029,5023,5018)
(10025,875,5056,5051,5046,5042,5031,5021,5010)
(10026,194,5051,5041,5035,5034,5033,5027)
(10027,1665,5028,5018,5012,5006)
(10028,880,5041,5035,5029,5023,5018,5012,5006)
(10029,885,5007,5012,5017,5027,5032,5037)
(10030,858,5006,5012,5018,5028,5039,5044,5050)
(10031,741,5016,5026,5032,5033,5039,5044,5050)
(10032,1647,5030,5041,5051,5057)
(10033,857,5026,5016,5005)
(10034,1200,5007,5012,5017,5027,5032,5037)
(10035,856,5000,5006,5012,5018,5028)
(10036,1614,5056,5051,5046,5042,5031,5021,5010)
(10037,1627,5010,5021,5031)
(10038,1629,5029,5019,5008)
(10039,730,5041,5035,5029,5023,5018)
(10040,1621,5042,5036,5035,5029,5023,5018,5012,5006,5000)
(10041,1646,5021,5031,5042,5052)
(10042,721,5027,5033,5039,5044,5050)
(10043,248,5042,5031,5021)
(10044,1205,5003,5002,5007,5012,5017,5027,5038,5048,5053)
(10045,725,5008,5019,5029,5040)
(10046,1649,5029,5035,5041,5051)
(10047,1189,5026,5032,5033,5039,5044,5050)
(10048,833,5041,5035,5029,5019,5008)
(10049,1556,5057,5051,5041,5035,5029,5023,5018,5012,5011)
(10050,1188,5051,5041,5035,5029,5023,5018,5012,5006)
(10051,637,5019,5029,5035,5036,5042)
(10052,247,5026,5016,5005)
(10053,1186,5031,5042,5052)
(10054,836,5053,5048,5038,5027,5017)
(10055,1555,5052,5042,5031)
(10056,1663,5000,5006,5012,5018,5028,5039,5044,5050)
(10057,627,5038,5027,5017,5012,5007,5002)
(10058,840,5027,5033,5034,5035,5041,5051,5057)
(10059,1635,5018,5023,5029,5035,5036,5042)
(10060,237,5028,5018,5012,5006,5000)
(10061,1176,5009,5020,5030)
(10062,630,5027,5033,5039,5049)
(10063,255,5030,5041,5051,5057)
(10064,1579,5009,5020,5030,5041,5051)
(10065,1578,5009,5020,5030,5041)
(10066,1637,5026,5016,5005)
(10067,1184,5019,5029,5040,5050)
(10068,846,5041,5035,5029,5023,5018,5012,5011)
(10069,1561,5016,5026,5037,5043,5048)
(10070,1187,5006,5017,5027,5038)
(10071,1596,5020,5030,5041)
(10072,1238,5050,5040,5029)
(10073,618,5027,5017,5006)
(10074,849,5038,5027,5017,5012,5007,5002)
(10075,1570,5030,5041,5051,5057)
(10076,1245,5048,5038,5033,5034,5029,5024,5020)
(10077,852,5048,5038,5027,5017,5006)
(10078,1248,5042,5036,5030,5020,5009)
(10079,1571,5042,5031,5021,5010)
(10080,609,5008,5019,5029,5035)
(10081,1251,5027,5017,5006,5000)
(10082,204,5038,5027,5017,5006)
(10083,1572,5015,5014,5019,5029,5034,5033,5038,5048,5053)
(10084,1235,5050,5044,5039,5028,5018,5007)
(10085,602,5031,5021,5010)
(10086,1717,5028,5018,5012,5006)
(10087,201,5012,5018,5028,5039,5044,5050)
(10088,1574,5008,5019,5029,5040,5050)
(10089,928,5053,5048,5038,5033,5034,5029,5024,5020,5015)
(10090,197,5011,5012,5018,5023,5029,5035,5041,5051,5057)
(10091,1217,5029,5023,5018,5012,5006)
(10092,1575,5052,5042,5031)
(10093,662,5029,5023,5018,5012,5006,5000)
(10094,210,5048,5043,5037,5026,5016)
(10095,663,5027,5038,5048)
(10096,1716,5010,5021,5031,5042)
(10097,1224,5006,5012,5018,5023,5029)
(10098,1577,5030,5020,5009)
(10099,1580,5021,5031,5042,5046,5051,5056)
(10100,668,5018,5028,5039)
(10101,670,5020,5030,5041,5051,5057)
(10102,672,5057,5051,5041,5035,5029,5023,5018,5012,5006,5000)
(10103,935,5048,5043,5037,5026,5016,5005)
(10104,658,5038,5027,5017,5012,5007,5002,5003)
(10105,1582,5029,5035,5041,5051,5057)
(10106,654,5011,5012,5018,5023,5029,5035,5041,5051,5057)
(10107,220,5036,5035,5029,5023,5018,5012,5006)
(10108,219,5014,5019,5029,5034,5033,5038,5048,5053)
(10109,1103,5019,5029,5035,5036,5042)
(10110,1708,5053,5048,5038,5033,5034,5029,5024,5020)
(10111,1583,5026,5037,5043,5048,5054)
(10112,1111,5021,5031,5042,5052)
(10113,1584,5038,5027,5017,5012,5007)
(10114,648,5042,5036,5035,5029,5023,5018,5012)
(10115,294,5023,5029,5035,5041,5051)
(10116,1099,5028,5018,5012,5006)
(10117,944,5006,5012,5018,5023,5029,5035,5041)
(10118,1094,5023,5029,5035,5041,5051)
(10119,1091,5053,5048,5038,5027,5017,5012,5007,5002,5003)
(10120,1120,5056,5051,5041,5030,5020,5009)
(10121,947,5018,5028,5039,5044)
(10122,623,5038,5027,5017,5012,5007,5002,5003,5004)
(10123,954,5029,5023,5018,5012,5006,5000)
(10124,1585,5042,5036,5035,5029,5019,5008)
(10125,325,5019,5029,5040,5050)
(10126,1706,5006,5012,5018,5028,5039,5049)
(10127,328,5002,5007,5012,5017,5027,5032,5037)
(10128,1162,5028,5039,5044,5050)
(10129,330,5008,5019,5029)
(10130,1163,5026,5032,5033,5034,5035,5041,5051,5057)
(10131,923,5057,5051,5041,5035,5029,5023,5018,5012)
(10132,922,5020,5030,5041)
(10133,893,5008,5019,5029,5035,5036)
(10134,1589,5016,5026,5037,5043,5048,5054)
(10135,656,5007,5012,5017,5027,5032,5037)
(10136,343,5042,5036,5035,5029,5023,5018,5012,5006)
(10137,346,5026,5037,5047)
(10138,671,5010,5021,5031,5042,5046,5051)
(10139,1126,5014,5019,5029,5034,5033,5038,5048)
(10140,327,5042,5036,5035,5029,5023,5018,5007)
(10141,1568,5057,5051,5041,5030)
(10142,277,5016,5026,5032,5033,5039)
(10143,674,5026,5037,5043,5048,5054)
(10144,1554,5036,5035,5029,5023,5018,5012,5006)
(10145,1127,5039,5028,5018,5012,5006)
(10146,288,5021,5031,5042)
(10147,1131,5006,5012,5018,5023,5029,5035,5041,5051)
(10148,664,5039,5028,5018)
(10149,285,5051,5041,5035,5034,5033,5027)
(10150,896,5010,5021,5031,5042)
(10151,1545,5020,5030,5036,5042)
(10152,616,5057,5051,5041,5030,5020)
(10153,1399,5053,5048,5038,5027,5017,5012,5007,5002,5003,5004)
(10154,1547,5026,5016,5005)
(10155,278,5009,5020,5030,5041)
(10156,1730,5020,5030,5041)
(10157,1549,5008,5019,5029,5040,5050)
(10158,296,5048,5038,5033,5034,5029,5019)
(10159,906,5042,5031,5021)
(10160,680,5040,5029,5024,5020,5015,5010)
(10161,908,5029,5035,5041,5051,5057)
(10162,1552,5043,5037,5026,5016,5005)
(10163,719,5044,5039,5028,5018,5007)
(10164,910,5038,5027,5017,5012,5007,5002,5003,5004)
(10165,1726,5037,5026,5022,5017,5012,5007,5002,5003)
(10166,714,5048,5038,5033,5034,5029,5024,5020,5015)
(10167,1411,5030,5041,5051)
(10168,316,5007,5012,5017,5027,5038,5048)
(10169,1558,5051,5041,5035,5029,5023,5018,5012,5006)
(10170,1559,5009,5020,5030,5041,5051)
(10171,302,5052,5042,5031,5021)
(10172,1416,5010,5021,5031,5042,5046,5051,5056)
(10173,678,5029,5040,5050)
(10174,681,5053,5048,5038,5027,5017,5012,5007,5002,5003,5004)
(10175,1563,5010,5021,5031,5042,5046,5051)
(10176,1564,5036,5035,5029,5023,5018,5012,5006,5000)
(10177,1618,5037,5026,5016)
(10178,1685,5012,5018,5028,5039,5044)
(10179,1684,5049,5039,5028,5018,5012)
(10180,1681,5010,5015,5014,5019,5029,5040)
(10181,823,5048,5038,5033,5034,5029,5024,5020,5015)
(10182,1681,5027,5038,5048)
(10183,1375,5029,5023,5018,5012,5006,5000)
(10184,65,5029,5023,5018,5012,5006)
(10185,707,5056,5051,5046,5042,5031,5021)
(10186,1686,5057,5051,5041,5035,5029,5023,5018)
(10187,1378,5023,5029,5035,5041,5051)
(10188,685,5005,5016,5026,5037,5043,5048)
(10189,62,5018,5023,5029,5035,5036,5042)
(10190,61,5057,5051,5041,5035,5029,5023,5018,5007)
(10191,756,5007,5012,5017,5027,5038,5048)
(10192,1381,5026,5032,5033,5034,5035,5041,5051,5057)
(10193,751,5029,5023,5018,5012,5006)
(10194,1680,5017,5027,5038)
(10195,712,5016,5026,5032,5033,5039,5044,5050)
(10196,1385,5010,5021,5031,5042)
(10197,736,5043,5037,5026,5016)
(10198,1597,5026,5037,5043,5048,5054)
(10199,1603,5027,5033,5039,5049)
(10200,1675,5006,5012,5018,5023,5029,5035,5041)
(10201,51,5015,5014,5019,5029,5034,5033,5038,5048,5053)
(10202,50,5031,5042,5052)
(10203,1391,5042,5031,5021,5010)
(10204,72,5010,5021,5031,5042,5046,5051,5056)
(10205,83,5036,5035,5029,5023,5018,5012,5006)
(10206,1695,5029,5035,5041,5051,5057)
(10207,92,5031,5042,5052)
(10208,1393,5007,5018,5023,5029,5035)
(10209,1611,5029,5019,5008)
(10210,617,5044,5039,5033,5027,5022,5016)
(10211,88,5010,5015,5014,5019,5029,5034,5039,5049)
(10212,614,5035,5029,5019,5008)
(10213,1437,5000,5006,5012,5018,5028,5039,5044,5050)
(10214,1689,5035,5029,5023,5018,5012,5006,5000)
(10215,94,5019,5029,5035,5041,5051)
(10216,628,5007,5018,5028,5039)
(10217,1700,5044,5039,5028,5018,5012,5006,5000)
(10218,750,5031,5021,5010)
(10219,1601,5039,5028,5018,5007,5002)
(10220,1699,5027,5033,5034,5035,5041,5051,5057)
(10221,1698,5026,5016,5005)
(10222,1696,5003,5002,5007,5012,5017,5027,5032,5037)
(10223,1694,5020,5030,5036,5042)
(10224,643,5049,5044,5040,5029,5024,5020,5015)
(10225,75,5028,5039,5044,5050)
(10226,1619,5051,5041,5035,5029,5019,5008)
(10227,641,5037,5026,5022,5017,5012,5007,5002)
(10228,1507,5035,5029,5023,5018,5012,5006)
(10229,1441,5020,5030,5041,5051,5056)
(10230,1690,5000,5006,5012,5018,5028,5039)
(10231,1691,5030,5041,5051,5057)
(10232,23,5029,5035,5041,5051,5057)
(10233,21,5050,5044,5039,5033,5027)
(10234,1692,5021,5031,5042)
(10235,1692,5057,5051,5041,5035,5029,5023,5018,5012)
(10236,1295,5048,5038,5027,5017)
(10237,645,5029,5040,5050)
(10238,796,5014,5019,5029,5034,5039,5049)
(10239,1298,5049,5044,5040,5029,5024,5020,5015,5010)
(10240,1693,5031,5042,5052)
(10241,800,5043,5037,5026,5016,5005)
(10242,1455,5044,5039,5028,5018,5007)
(10243,1453,5009,5020,5030)
(10244,802,5026,5037,5043,5048)
(10245,803,5030,5041,5051)
(10246,804,5006,5017,5027)
(10247,673,5005,5016,5026,5037,5043,5048)
(10248,806,5017,5027,5038,5048)
(10249,1456,5048,5038,5027,5017,5012,5007)
(10250,1446,5027,5038,5048)
(10251,807,5028,5018,5007)
(10252,667,5044,5039,5028,5018,5007)
(10253,6,5048,5038,5027)
(10254,808,5021,5031,5042,5052)
(10255,810,5006,5012,5018,5023,5029,5035)
(10256,1444,5047,5037,5026,5016,5005)
(10257,11,5053,5048,5038,5027,5017,5012,5007)
(10258,1458,5028,5018,5012,5006,5000)
(10259,639,5014,5019,5029,5034,5039,5049)
(10260,958,5054,5048,5043,5037,5026)
(10261,1275,5030,5041,5051)
(10262,1276,5004,5003,5002,5007,5012,5017,5027,5032,5037)
(10263,1472,5036,5035,5029,5023,5018,5007)
(10264,1688,5023,5029,5035,5041,5051)
(10265,815,5051,5041,5035,5029,5019)
(10266,1679,5028,5018,5012,5006,5000)
(10267,819,5029,5023,5018,5012,5006,5000)
(10268,1279,5000,5006,5012,5018,5023,5029,5035,5036)
(10269,1673,5053,5048,5038,5027,5017,5006)
(10270,1674,5031,5021,5010)
(10271,36,5050,5044,5039,5028,5018)
(10272,34,5023,5029,5035,5041,5051)
(10273,33,5021,5031,5042,5046,5051,5056)
(10274,32,5026,5032,5033,5039,5044,5050)
(10275,1341,5026,5016,5005)
(10276,1468,5056,5051,5046,5042,5031,5021)
(10277,1467,5026,5037,5043,5048)
(10278,622,5037,5026,5022,5017,5012,5007,5002)
(10279,1346,5035,5029,5023,5018,5012,5006)
(10280,28,5029,5023,5018,5007)
(10281,1677,5009,5020,5030,5036,5042)
(10282,765,5003,5002,5007,5012,5017,5027,5038,5048)
(10283,1466,5029,5023,5018,5012,5006,5000)
(10284,1678,5019,5029,5040,5050)
(10285,1350,5003,5002,5007,5012,5017,5027,5032,5037)
(10286,1465,5043,5037,5026,5016)
(10287,1462,5023,5029,5035,5041,5051,5057)
(10288,1682,5041,5035,5029,5019,5008)
(10289,162,5002,5007,5018,5028,5039)
(10290,766,5042,5031,5021)
(10291,716,5000,5006,5012,5018,5028,5039,5049)
(10292,1683,5037,5026,5022,5017,5006)
(10293,1353,5041,5030,5020,5009)
(10294,1354,5049,5039,5028,5018)
(10295,729,5051,5041,5035,5029,5023,5018,5012,5006,5000)
(10296,738,5039,5028,5018,5012,5006,5000)
(10297,1441,5051,5041,5035,5029,5019)
(10298,1432,5030,5041,5051,5057)
(10299,1413,5027,5038,5048)
(10300,153,5042,5031,5021)
(10301,710,5031,5042,5052)
(10302,1414,5027,5033,5034,5035,5041,5051,5057)
(10303,679,5048,5038,5033,5034,5029,5024,5020)
(10304,151,5030,5041,5051)
(10305,1416,5010,5021,5031)
(10306,1417,5012,5018,5028,5039,5049)
(10307,683,5012,5018,5028,5039)
(10308,782,5009,5020,5030,5036)
(10309,1687,5051,5041,5035,5029,5019,5008)
(10310,1318,5008,5019,5029,5035,5041)
(10311,1418,5029,5019,5008)
(10312,1704,5009,5014,5019,5029,5034,5039)
(10313,1320,5026,5037,5043,5048,5054)
(10314,1321,5021,5031,5042,5046,5051)
(10315,686,5016,5026,5037,5043,5048,5054)
(10316,783,5027,5033,5034,5035,5041,5051,5057)
(10317,168,5037,5026,5022,5017,5012,5007,5002,5003,5004)
(10318,189,5020,5030,5041,5051,5057)
(10319,1420,5016,5026,5037)
(10320,691,5029,5035,5041,5051)
(10321,694,5040,5029,5019)
(10322,1424,5042,5036,5030,5020)
(10323,1327,5026,5016,5005)
(10324,1725,5007,5018,5023,5029,5035,5041)
(10325,1726,5042,5036,5030,5020,5009)
(10326,1335,5054,5048,5043,5037,5026)
(10327,1434,5035,5029,5023,5018,5012,5006)
(10328,1014,5051,5041,5035,5034,5033,5027)
(10329,1088,5044,5039,5028,5018,5012,5006)
(10330,1433,5016,5026,5037,5043)
(10331,696,5027,5033,5039,5044,5050)
(10332,699,5026,5037,5043,5048)
(10333,175,5019,5029,5035,5041)
(10334,700,5039,5028,5018,5012,5006,5000)
(10335,705,5049,5039,5028,5018,5012)
(10336,1731,5011,5012,5018,5023,5029,5035,5036,5042)
(10337,170,5041,5035,5029,5019)
(10338,1431,5016,5026,5032,5033,5039,5044,5050)
(10339,1089,5006,5012,5018,5023,5029,5035,5036)
(10340,1324,5044,5039,5028,5018,5007)
(10341,684,5040,5029,5019)
(10342,1338,5057,5051,5041,5035,5034,5033,5027)
(10343,1362,5008,5019,5029)
(10344,1358,5035,5029,5023,5018,5012,5006,5000)
(10345,734,5044,5039,5028,5018)
(10346,114,5007,5018,5023,5029,5035,5036,5042)
(10347,1430,5008,5019,5029,5035,5036,5042)
(10348,1078,5026,5016,5005)
(10349,1347,5041,5035,5029,5023,5018)
(10350,1345,5050,5040,5029,5019)
(10351,1072,5019,5029,5035,5036,5042)
(10352,117,5019,5029,5035,5041,5051)
(10353,1310,5026,5037,5043,5048)
(10354,105,5023,5029,5035,5041,5051)
(10355,982,5048,5038,5027,5017,5012,5007)
(10356,619,5026,5032,5033,5039,5044,5050)
(10357,1278,5026,5016,5005)
(10358,606,5006,5017,5027)
(10359,1273,5051,5041,5035,5034,5033,5027)
(10360,1271,5021,5031,5042,5046,5051,5056)
(10361,999,5012,5018,5023,5029,5035,5041,5051,5057)
(10362,666,5056,5051,5041,5030,5020)
(10363,99,5012,5017,5027,5038,5048,5053)
(10364,1269,5007,5012,5017,5027,5038,5048,5053)
(10365,1429,5021,5031,5042)
(10366,1733,5007,5012,5017,5027,5038)
(10367,1285,5000,5006,5012,5018,5023,5029,5035)
(10368,1428,5016,5026,5037,5043)
(10369,1734,5023,5029,5035,5041,5051)
(10370,1303,5041,5035,5029,5023,5018,5012)
(10371,1736,5050,5044,5039,5028,5018,5007)
(10372,961,5027,5017,5006)
(10373,1457,5057,5051,5041,5030,5020)
(10374,1474,5051,5041,5035,5029,5023,5018,5012,5006,5000)
(10375,1722,5016,5026,5037,5047)
(10376,966,5044,5040,5029,5024,5020,5009)
(10377,969,5000,5006,5017,5027)
(10378,133,5029,5035,5041,5051)
(10379,647,5007,5012,5017,5027,5038)
(10380,131,5006,5012,5018,5028,5039)
(10381,1476,5009,5014,5019,5029,5034,5039)
(10382,1720,5027,5033,5039,5049)
(10383,127,5029,5035,5041,5051)
(10384,126,5041,5035,5029,5023,5018,5007)
(10385,1707,5019,5029,5040)
(10386,613,5042,5036,5030,5020)
(10387,124,5006,5012,5018,5023,5029,5035,5036)
(10388,123,5015,5014,5019,5029,5034,5033,5038,5048)
(10389,1519,5042,5036,5035,5029,5023,5018,5012,5006)
(10390,633,5039,5028,5018)
(10391,1709,5020,5030,5041,5051)
(10392,636,5019,5029,5040,5050)
(10393,626,5054,5048,5043,5037,5026)
(10394,122,5018,5028,5039)
(10395,1390,5042,5036,5035,5029,5023,5018,5007)
(10396,1514,5044,5039,5028,5018,5012)
(10397,1028,5008,5019,5029,5035,5041)
(10398,1386,5029,5023,5018,5007)
(10399,1714,5027,5033,5034,5035,5041,5051)
(10400,688,5036,5035,5029,5023,5018,5012,5006)
(10401,1715,5018,5023,5029,5035,5041,5051,5057)
(10402,1511,5018,5023,5029,5035,5041,5051)
(10403,1043,5037,5026,5022,5017,5012,5007)
(10404,687,5015,5014,5019,5029,5034,5033,5038,5048)
(10405,1511,5026,5016,5005)
(10406,1395,5036,5035,5029,5019,5008)
(10407,682,5035,5029,5019,5008)
(10408,111,5057,5051,5041,5035,5029,5023,5018)
(10409,1417,5012,5018,5028,5039,5049)
(10410,701,5014,5019,5029,5034,5039,5049)
(10411,116,5031,5042,5052)
(10412,142,5051,5041,5035,5029,5023,5018,5012)
(10413,1011,5031,5042,5052)
(10414,169,5030,5041,5051,5057)
(10415,173,5039,5028,5018,5007,5002)
(10416,735,5051,5041,5035,5029)
(10417,1007,5030,5041,5051,5057)
(10418,1525,5029,5023,5018,5007)
(10419,1538,5037,5026,5016)
(10420,621,5019,5029,5034,5033,5038,5048)
(10421,1672,5057,5051,5041,5035,5029,5023,5018,5012,5006,5000)
(10422,629,5043,5037,5026,5016)
(10423,1012,5006,5012,5018,5028,5039,5049)
(10424,1537,5000,5006,5012,5018,5023,5029,5035,5041)
(10425,1636,5026,5016,5005)
(10426,1534,5019,5029,5034,5033,5038,5048,5053)
(10427,1018,5012,5018,5023,5029,5035,5041,5051)
(10428,1539,5006,5012,5018,5028)
(10429,1137,5029,5035,5041,5051,5057)
(10430,1020,5049,5039,5033,5027)
(10431,1533,5026,5037,5043,5048)
(10432,97,5006,5012,5018,5023,5029,5035,5041)
(10433,1016,5002,5007,5012,5017,5027,5038)
(10434,660,5020,5030,5036,5042)
(10435,30,5036,5035,5029,5019,5008)
(10436,669,5044,5039,5028,5018,5012)
(10437,657,5008,5019,5029,5035,5036)
(10438,38,5027,5017,5006,5000)
(10439,1530,5026,5037,5047)
(10440,653,5026,5037,5043,5048,5054)
(10441,1644,5051,5041,5035,5029,5023)
(10442,650,5011,5012,5018,5023,5029,5035,5036,5042)
(10443,1122,5017,5027,5038,5048,5053)
(10444,1121,5008,5019,5029)
(10445,10,5017,5027,5038,5048)
(10446,1642,5051,5041,5035,5029,5023,5018,5012)
(10447,1023,5039,5033,5027,5022,5016)
(10448,1640,5029,5040,5050)
(10449,731,5020,5030,5041,5051)
(10450,15,5044,5039,5028,5018,5007)
(10451,17,5044,5040,5029,5024,5020,5009)
(10452,1150,5018,5023,5029,5035,5041,5051,5057)
(10453,642,5041,5035,5029,5023,5018,5012,5011)
(10454,1633,5044,5040,5029,5024,5020,5015,5010)
(10455,1528,5009,5014,5019,5029,5034,5039)
(10456,1527,5053,5048,5038,5027,5017,5012,5007,5002)
(10457,651,5000,5006,5012,5018,5023,5029,5035,5041)
(10458,655,5010,5021,5031,5042,5052)
(10459,1166,5010,5021,5031,5042,5046,5051)
(10460,1526,5044,5039,5028,5018,5012,5006,5000)
(10461,1025,5040,5029,5024,5020,5015,5010)
(10462,1001,5026,5037,5043,5048)
(10463,1228,5010,5015,5014,5019,5029,5034,5039,5049)
(10464,86,5028,5018,5012,5006)
(10465,87,5012,5018,5023,5029,5035,5041)
(10466,976,5040,5029,5019)
(10467,57,5027,5017,5006,5000)
(10468,1488,5030,5041,5051,5057)
(10469,1661,5043,5037,5026,5016,5005)
(10470,1218,5053,5048,5038,5027,5017,5012)
(10471,1660,5018,5023,5029,5035,5041)
(10472,973,5050,5044,5039,5028,5018)
(10473,1255,5057,5051,5041,5030)
(10474,1254,5029,5040,5050)
(10475,604,5051,5041,5035,5029,5019,5008)
(10476,1658,5044,5040,5029,5024,5020,5009)
(10477,607,5000,5006,5012,5018,5023,5029,5035)
(10478,608,5050,5040,5029,5019,5008)
(10479,190,5027,5017,5006)
(10480,191,5056,5051,5041,5030,5020,5009)
(10481,610,5050,5044,5039,5028,5018,5012,5006,5000)
(10482,611,5026,5032,5033,5034,5035,5041,5051)
(10483,1246,5012,5018,5028,5039,5044)
(10484,1657,5015,5014,5019,5029,5034,5033,5038,5048)
(10485,615,5031,5042,5052)
(10486,978,5031,5021,5010)
(10487,298,5026,5032,5033,5034,5035,5041,5051)
(10488,1486,5021,5031,5042)
(10489,635,5026,5032,5033,5034,5035,5041,5051,5057)
(10490,634,5038,5027,5017,5012,5007,5002)
(10491,1655,5035,5029,5023,5018,5012,5006)
(10492,320,5009,5020,5030,5041,5051)
(10493,1181,5007,5018,5028,5039,5049)
(10494,1480,5000,5006,5017,5027)
(10495,676,5028,5039,5044,5050)
(10496,1479,5009,5014,5019,5029,5034,5039,5049)
(10497,1652,5026,5016,5005)
(10498,1477,5041,5035,5029,5019)
(10499,324,5042,5036,5030,5020,5009)
(10500,1482,5006,5017,5027,5038)
(10501,217,5044,5039,5028,5018)
(10502,1654,5021,5031,5042)
(10503,221,5049,5039,5028,5018,5012,5006)
(10504,232,5035,5029,5019,5008)
(10505,1491,5000,5006,5017,5027)
(10506,990,5020,5030,5041,5051)
(10507,724,5049,5039,5028)
(10508,723,5028,5018,5012,5006,5000)
(10509,1203,5014,5019,5029,5034,5033,5038,5048)
(10510,1658,5006,5012,5018,5023,5029,5035)
(10511,1202,5040,5029,5019)
(10512,1499,5042,5036,5035,5029,5023,5018,5012,5006)
(10513,1196,5046,5042,5031,5021,5010)
(10514,981,5019,5029,5034,5039,5049)
(10515,222,5027,5038,5048)
(10516,728,5011,5012,5018,5023,5029,5035,5041,5051)
(10517,235,5050,5044,5039,5033,5032,5026)
(10518,258,5037,5026,5022,5017,5012,5007)
(10519,1081,5031,5042,5052)
(10520,1492,5057,5051,5041,5035,5029,5019,5008)
(10521,732,5057,5051,5041,5035,5029,5023,5018,5012,5006,5000)
(10522,733,5012,5018,5023,5029,5035,5041)
(10523,1201,5040,5029,5019,5008)
(10524,740,5029,5035,5041,5051,5057)
(10525,1071,5051,5041,5035,5029,5023,5018,5012)
(10526,1050,5021,5031,5042,5046,5051)
(10527,1664,5051,5046,5042,5031,5021,5010)
(10528,250,5037,5026,5022,5017,5012,5007)
(10529,251,5019,5029,5034,5039,5049)
(10530,1211,5028,5039,5049)
(10531,1502,5036,5035,5029,5023,5018,5012,5006,5000)
(10532,1669,5050,5044,5039,5033,5032,5026)
(10533,1647,5019,5029,5034,5039,5049)
(10534,1064,5016,5026,5032,5033,5039,5044)
(10535,1059,5057,5051,5041,5035,5029,5023,5018,5007)
(10536,1506,5028,5018,5007)
(10537,1083,5002,5007,5018,5028,5039,5049)
(10538,689,5018,5028,5039,5049)
(10539,1498,5007,5018,5023,5029)
(10540,218,5010,5021,5031)
(10541,1055,5049,5039,5028,5018,5012,5006,5000)
(10542,708,5037,5026,5022,5017,5012,5007)
(10543,1151,5049,5044,5040,5029,5024,5020,5015,5010)
(10544,1495,5027,5017,5006)
(10545,1142,5009,5020,5030,5041,5051,5057)
(10546,703,5019,5029,5034,5033,5038,5048,5053)
(10547,1069,5000,5006,5012,5018,5023,5029,5035)
(10548,1128,5002,5007,5012,5017,5027,5038)
(10549,303,5029,5019,5008)
(10550,1130,5029,5023,5018,5012,5006,5000)
(10551,1079,5041,5030,5020)
(10552,1493,5027,5033,5034,5035,5041,5051,5057)
(10553,1838,5020,5030,5041,5051)
(10554,1541,5050,5044,5039,5028,5018,5007)
(10555,600,5027,5033,5039,5044,5050)
(10556,1134,5018,5028,5039,5044,5050)
(10557,1469,5026,5032,5033,5034,5035,5041,5051,5057)
(10558,1084,5042,5036,5035,5029,5019)
(10559,351,5050,5044,5039,5033,5032,5026)
(10560,1129,5009,5020,5030,5041,5051,5057)
(10561,1739,5020,5030,5036,5042)
(10562,356,5011,5012,5018,5023,5029,5035,5041)
(10563,1494,5015,5014,5019,5029,5034,5033,5038,5048,5053)
(10564,360,5027,5038,5048)
(10565,1153,5030,5041,5051,5057)
(10566,1865,5026,5016,5005)
(10567,1048,5000,5006,5012,5018,5023,5029,5035,5036)
(10568,361,5026,5016,5005)
(10569,1073,5019,5029,5034,5039,5049)
(10570,353,5057,5051,5041,5035,5029,5023)
(10571,1075,5006,5017,5027)
(10572,1496,5021,5031,5042)
(10573,1497,5010,5015,5014,5019,5029,5040)
(10574,1100,5027,5033,5034,5035,5041,5051)
(10575,1230,5006,5017,5027,5038,5048,5053)
(10576,1867,5026,5016,5005)
(10577,1499,5016,5026,5037)
(10578,1074,5037,5026,5022,5017,5006)
(10579,365,5014,5019,5029,5034,5039,5049)
(10580,1220,5009,5020,5030,5036,5042)
(10581,1868,5048,5043,5037,5026,5016)
(10582,1062,5029,5023,5018,5007)
(10583,1500,5007,5018,5023,5029,5035,5036,5042)
(10584,1252,5049,5039,5028,5018,5012)
(10585,1056,5026,5037,5043,5048)
(10586,254,5023,5029,5035,5041,5051,5057)
(10587,354,5017,5027,5038,5048,5053)
(10588,1870,5031,5021,5010)
(10589,370,5038,5027,5017,5012,5007,5002)
(10590,1066,5028,5018,5007)
(10591,1871,5019,5029,5040,5050)
(10592,1052,5002,5007,5018,5028,5039,5049)
(10593,400,5002,5007,5012,5017,5027,5032,5037)
(10594,1049,5043,5037,5026,5016)
(10595,1047,5035,5029,5023,5018,5007)
(10596,1070,5012,5018,5028,5039,5049)
(10597,246,5007,5018,5023,5029)
(10598,402,5011,5012,5018,5023,5029,5035,5041)
(10599,1204,5006,5012,5018,5023,5029,5035,5036,5042)
(10600,242,5029,5019,5008)
(10601,403,5026,5016,5005)
(10602,405,5040,5029,5024,5020,5015,5010)
(10603,1501,5007,5018,5023,5029,5035,5036)
(10604,1873,5015,5014,5019,5029,5034,5033,5038,5048)
(10605,1022,5028,5018,5007)
(10606,234,5041,5035,5029,5023,5018,5012)
(10607,416,5037,5026,5022,5017,5012,5007,5002)
(10608,1194,5018,5028,5039,5044)
(10609,417,5027,5017,5006,5000)
(10610,1199,5047,5037,5026,5016)
(10611,418,5029,5035,5041,5051,5057)
(10612,1503,5006,5012,5018,5023,5029,5035)
(10613,987,5056,5051,5041,5030,5020)
(10614,420,5039,5033,5027,5022,5016)
(10615,195,5027,5017,5006)
(10616,1206,5019,5029,5034,5033,5038,5048,5053)
(10617,423,5026,5032,5033,5034,5035,5041,5051,5057)
(10618,398,5041,5035,5029,5023,5018,5012,5006,5000)
(10619,227,5052,5042,5031,5021)
(10620,226,5048,5038,5027)
(10621,1504,5027,5017,5006,5000)
(10622,1505,5027,5033,5034,5035,5041,5051,5057)
(10623,371,5008,5019,5029)
(10624,994,5023,5029,5035,5041,5051)
(10625,349,5027,5017,5006,5000)
(10626,336,5049,5044,5040,5029,5024,5020,5009)
(10627,1167,5031,5042,5052)
(10628,1873,5019,5029,5035,5036,5042)
(10629,1874,5037,5026,5022,5017,5006)
(10630,1170,5007,5018,5023,5029)
(10631,1171,5052,5042,5031,5021)
(10632,1172,5023,5029,5035,5041,5051,5057)
(10633,1175,5006,5012,5018,5028,5039,5044,5050)
(10634,997,5012,5018,5023,5029,5035,5041,5051,5057)
(10635,1875,5009,5020,5030,5041,5051,5057)
(10636,998,5027,5017,5006)
(10637,380,5028,5039,5049)
(10638,1876,5048,5038,5027,5017,5012)
(10639,1877,5027,5017,5006)
(10640,283,5007,5018,5028,5039)
(10641,1878,5002,5007,5012,5017,5027,5038,5048)
(10642,384,5018,5028,5039)
(10643,977,5038,5027,5017,5012,5007,5002,5003,5004)
(10644,1239,5029,5019,5008)
(10645,1240,5051,5041,5035,5029,5019)
(10646,964,5014,5019,5029,5034,5033,5038,5048)
(10647,1879,5019,5029,5035,5041,5051)
(10648,1242,5011,5012,5018,5023,5029,5035,5041,5051,5057)
(10649,391,5000,5006,5012,5018,5023,5029,5035,5041,5051,5057)
(10650,301,5037,5026,5022,5017,5006)
(10651,1880,5003,5002,5007,5012,5017,5027,5032,5037)
(10652,193,5019,5029,5035,5036,5042)
(10653,1881,5000,5006,5012,5018,5023,5029,5035,5041)
(10654,1477,5029,5023,5018,5012,5006,5000)
(10655,1478,5004,5003,5002,5007,5012,5017,5027,5038,5048,5053)
(10656,1481,5009,5020,5030)
(10657,968,5056,5051,5041,5030,5020)
(10658,393,5031,5042,5052)
(10659,68,5008,5019,5029,5035,5041)
(10660,1483,5021,5031,5042,5046,5051,5056)
(10661,390,5038,5027,5017,5012,5007,5002)
(10662,970,5030,5020,5009)
(10663,971,5028,5018,5012,5006)
(10664,1885,5039,5028,5018,5007,5002)
(10665,1489,5031,5042,5052)
(10666,1216,5019,5029,5034,5033,5038,5048,5053)
(10667,1864,5023,5029,5035,5041,5051)
(10668,387,5027,5038,5048)
(10669,385,5021,5031,5042,5052)
(10670,1484,5042,5036,5035,5029,5023,5018,5012,5006)
(10671,52,5026,5032,5033,5034,5035,5041,5051,5057)
(10672,1226,5037,5026,5016,5005)
(10673,1000,5057,5051,5041,5035,5029,5023,5018,5012,5006,5000)
(10674,1485,5029,5035,5041,5051,5057)
(10675,1886,5028,5018,5007)
(10676,1863,5030,5041,5051)
(10677,1862,5035,5029,5023,5018,5012,5006,5000)
(10678,1840,5054,5048,5043,5037,5026)
(10679,1487,5044,5039,5028,5018,5012)
(10680,1841,5026,5032,5033,5034,5035,5041,5051)
(10681,81,5053,5048,5038,5027,5017,5012)
(10682,1231,5019,5029,5040)
(10683,80,5011,5012,5018,5023,5029,5035,5041,5051)
(10684,1842,5049,5039,5028,5018,5012)
(10685,1152,5039,5028,5018)
(10686,1026,5044,5039,5028,5018,5012,5006)
(10687,74,5027,5033,5039,5049)
(10688,379,5031,5021,5010)
(10689,1488,5042,5036,5035,5029,5019)
(10690,1843,5000,5006,5012,5018,5028,5039)
(10691,1109,5030,5041,5051,5057)
(10692,1490,5026,5016,5005)
(10693,1115,5057,5051,5041,5035,5034,5033,5032,5026)
(10694,1117,5027,5033,5039,5049)
(10695,1031,5050,5044,5039,5028,5018,5007)
(10696,1034,5051,5041,5030,5020)
(10697,1508,5031,5042,5052)
(10698,1145,5036,5035,5029,5023,5018,5012,5006)
(10699,1523,5018,5028,5039,5044,5050)
(10700,19,5037,5026,5016)
(10701,1041,5027,5017,5006)
(10702,1149,5023,5029,5035,5041,5051)
(10703,377,5027,5033,5039,5044,5050)
(10704,376,5029,5035,5041,5051,5057)
(10705,1024,5030,5020,5009)
(10706,375,5037,5026,5022,5017,5012,5007,5002,5003,5004)
(10707,1509,5029,5035,5041,5051)
(10708,1154,5007,5018,5023,5029,5035,5041,5051)
(10709,1004,5030,5020,5009)
(10710,1844,5026,5037,5043,5048)
(10711,1845,5051,5041,5035,5029)
(10712,1140,5029,5040,5050)
(10713,9,5031,5042,5052)
(10714,372,5008,5019,5029,5035,5041)
(10715,1846,5019,5029,5040,5050)
(10716,397,5006,5012,5018,5023,5029,5035,5041,5051,5057)
(10717,1124,5021,5031,5042,5052)
(10718,422,5029,5023,5018,5012,5006)
(10719,1847,5007,5018,5023,5029,5035)
(10720,421,5010,5021,5031,5042,5046,5051)
(10721,1009,5037,5026,5022,5017,5012,5007,5002)
(10722,1015,5015,5014,5019,5029,5034,5039,5049)
(10723,419,5053,5048,5038,5033,5034,5029,5024,5020)
(10724,1529,5035,5029,5023,5018,5007)
(10725,160,5018,5028,5039,5044,5050)
(10726,1017,5016,5026,5037,5043,5048,5054)
(10727,415,5028,5018,5007)
(10728,1848,5035,5029,5023,5018,5012,5006,5000)
(10729,1850,5008,5019,5029,5040)
(10730,960,5030,5041,5051,5057)
(10731,413,5042,5036,5035,5029,5019)
(10732,1019,5018,5023,5029,5035,5041,5051)
(10733,1531,5019,5029,5040)
(10734,410,5016,5026,5032,5033,5039,5044)
(10735,1013,5026,5032,5033,5034,5035,5041,5051)
(10736,601,5020,5030,5036,5042)
(10737,408,5043,5037,5026,5016)
(10738,1851,5002,5007,5012,5017,5027,5038,5048)
(10739,1852,5027,5017,5006)
(10740,406,5010,5015,5014,5019,5029,5040)
(10741,1533,5004,5003,5002,5007,5012,5017,5027,5032,5037)
(10742,167,5041,5035,5029,5023,5018)
(10743,188,5026,5016,5005)
(10744,187,5029,5035,5041,5051)
(10745,404,5040,5029,5024,5020,5009)
(10746,1420,5006,5017,5027,5038,5048,5053)
(10747,179,5053,5048,5038,5027,5017,5012)
(10748,1535,5026,5032,5033,5034,5035,5041,5051,5057)
(10749,1006,5051,5041,5035,5029)
(10750,1409,5027,5017,5006)
(10751,1536,5009,5014,5019,5029,5040)
(10752,401,5008,5019,5029,5035,5036)
(10753,1003,5008,5019,5029,5040,5050)
(10754,424,5029,5023,5018,5012,5006,5000)
(10755,1857,5028,5018,5012,5006,5000)
(10756,113,5042,5036,5035,5029,5023,5018,5012,5006)
(10757,1419,5007,5018,5023,5029,5035,5041)
(10758,366,5041,5035,5029,5023,5018,5012,5006)
(10759,364,5021,5031,5042,5046,5051,5056)
(10760,1858,5007,5018,5023,5029,5035,5036)
(10761,1379,5009,5020,5030,5041,5051)
(10762,362,5007,5018,5028)
(10763,1039,5007,5012,5017,5027,5038,5048,5053)
(10764,1859,5009,5020,5030,5036,5042)
(10765,1371,5026,5032,5033,5034,5035,5041,5051)
(10766,1532,5008,5019,5029,5040,5050)
(10767,1037,5044,5039,5028,5018,5012,5006)
(10768,1373,5006,5017,5027)
(10769,1035,5039,5028,5018,5012,5006)
(10770,98,5006,5012,5018,5023,5029,5035,5041,5051,5057)
(10771,120,5035,5029,5023,5018,5007)
(10772,1524,5008,5019,5029,5035)
(10773,140,5015,5014,5019,5029,5034,5033,5038,5048)
(10774,1030,5005,5016,5026,5037,5043,5048)
(10775,138,5035,5029,5019,5008)
(10776,1515,5029,5023,5018,5012,5006)
(10777,1392,5057,5051,5041,5035,5029,5023,5018,5007)
(10778,367,5030,5020,5009)
(10779,1510,5043,5037,5026,5016)
(10780,1383,5002,5007,5012,5017,5027,5038)
(10781,355,5036,5035,5029,5023,5018,5012,5006)
(10782,1860,5047,5037,5026)
(10783,128,5027,5038,5048)
(10784,1389,5028,5018,5007)
(10785,1027,5028,5018,5012,5006,5000)
(10786,352,5002,5007,5012,5017,5027,5032,5037)
(10787,192,5008,5019,5029,5035,5036,5042)
(10788,1862,5007,5018,5023,5029,5035)
(10789,1512,5029,5023,5018,5012,5006,5000)
(10790,1888,5027,5017,5006,5000)
(10791,58,5023,5029,5035,5041,5051,5057)
(10792,537,5003,5002,5007,5012,5017,5027,5032,5037)
(10793,1439,5035,5029,5023,5018,5007)
(10794,1435,5006,5012,5018,5028,5039,5049)
(10795,538,5029,5023,5018,5012,5006,5000)
(10796,125,5037,5026,5022,5017,5006)
(10797,1428,5036,5030,5020,5009)
(10798,1889,5044,5040,5029,5024,5020,5015,5010)
(10799,1513,5036,5035,5029,5023,5018,5007)
(10800,539,5016,5026,5032,5033,5039)
(10801,1425,5026,5016,5005)
(10802,1429,5057,5051,5041,5030)
(10803,141,5041,5030,5020)
(10804,1918,5035,5029,5019,5008)
(10805,1430,5038,5027,5017,5006)
(10806,972,5029,5035,5041,5051,5057)
(10807,134,5015,5014,5019,5029,5034,5039,5049)
(10808,1516,5029,5019,5008)
(10809,1287,5016,5026,5037)
(10810,1288,5041,5035,5029,5023,5018,5012,5006,5000)
(10811,540,5031,5042,5052)
(10812,1918,5042,5036,5035,5029,5023,5018)
(10813,963,5048,5043,5037,5026)
(10814,541,5057,5051,5041,5030)
(10815,1522,5006,5012,5018,5028)
(10816,543,5047,5037,5026)
(10817,1517,5035,5029,5019,5008)
(10818,1301,5029,5023,5018,5012,5006,5000)
(10819,1302,5026,5032,5033,5034,5035,5041,5051)
(10820,139,5042,5031,5021,5010)
(10821,1518,5006,5012,5018,5023,5029,5035)
(10822,1919,5023,5029,5035,5041,5051)
(10823,121,5049,5039,5028)
(10824,1308,5048,5038,5033,5034,5029,5019)
(10825,130,5006,5012,5018,5028)
(10826,1920,5031,5021,5010)
(10827,107,5031,5042,5052)
(10828,996,5010,5021,5031,5042,5046)
(10829,1520,5007,5018,5023,5029,5035,5041)
(10830,1267,5035,5029,5023,5018,5012,5006)
(10831,1268,5030,5041,5051)
(10832,547,5038,5027,5017,5012,5007)
(10833,1521,5019,5029,5035,5041,5051)
(10834,1921,5044,5039,5028,5018,5012)
(10835,100,5006,5012,5018,5023,5029,5035)
(10836,101,5053,5048,5038,5027,5017,5012,5007,5002,5003)
(10837,1522,5035,5029,5023,5018,5012,5006,5000)
(10838,1922,5035,5029,5023,5018,5012,5006,5000)
(10839,550,5026,5037,5043,5048,5054)
(10840,988,5010,5021,5031,5042,5052)
(10841,986,5041,5035,5029,5019)
(10842,1277,5031,5042,5052)
(10843,1924,5019,5029,5035,5041,5051)
(10844,103,5035,5029,5023,5018,5012,5006,5000)
(10845,1926,5048,5038,5033,5034,5029,5024,5020,5015)
(10846,551,5042,5031,5021,5010)
(10847,983,5000,5006,5012,5018,5028,5039,5044,5050)
(10848,1280,5031,5042,5052)
(10849,104,5041,5035,5029,5023,5018,5012,5011)
(10850,108,5037,5026,5022,5017,5012,5007)
(10851,1937,5047,5037,5026,5016)
(10852,1475,5036,5030,5020,5009)
(10853,1927,5041,5035,5029,5023,5018,5012,5006,5000)
(10854,1928,5021,5031,5042,5046,5051)
(10855,1427,5052,5042,5031,5021)
(10856,1344,5005,5016,5026,5037,5043,5048)
(10857,1929,5031,5021,5010)
(10858,1085,5006,5012,5018,5023,5029,5035,5036)
(10859,1929,5051,5041,5035,5034,5033,5027)
(10860,1348,5029,5035,5041,5051)
(10861,1054,5037,5026,5022,5017,5012,5007,5002)
(10862,1352,5023,5029,5035,5041,5051)
(10863,1930,5012,5018,5023,5029,5035,5041)
(10864,1065,5031,5042,5052)
(10865,1061,5051,5041,5035,5029)
(10866,1931,5026,5016,5005)
(10867,1053,5028,5018,5007)
(10868,112,5041,5030,5020)
(10869,553,5057,5051,5041,5035,5029,5023,5018,5012,5011)
(10870,536,5041,5035,5029,5019,5008)
(10871,1058,5026,5032,5033,5034,5035,5041,5051,5057)
(10872,1932,5026,5032,5033,5034,5035,5041,5051,5057)
(10873,544,5036,5035,5029,5023,5018,5012,5006)
(10874,118,5041,5030,5020)
(10875,1933,5029,5040,5050)
(10876,1935,5029,5035,5041,5051)
(10877,1363,5053,5048,5038,5027,5017,5012,5007,5002,5003)
(10878,1936,5028,5018,5012,5006)
(10879,1077,5036,5035,5029,5023,5018,5012,5006)
(10880,1336,5040,5029,5024,5020,5015,5010)
(10881,1067,5007,5018,5028)
(10882,1314,5020,5030,5036,5042)
(10883,1914,5000,5006,5017,5027)
(10884,1432,5053,5048,5038,5027,5017,5012,5007,5002,5003,5004)
(10885,1316,5042,5036,5035,5029,5023,5018,5007)
(10886,1913,5009,5014,5019,5029,5034,5039)
(10887,1440,5029,5023,5018,5007)
(10888,144,5047,5037,5026)
(10889,1060,5004,5003,5002,5007,5012,5017,5027,5038)
(10890,523,5051,5046,5042,5031,5021)
(10891,515,5010,5021,5031,5042,5052)
(10892,1911,5009,5020,5030,5036)
(10893,1325,5006,5017,5027,5038)
(10894,171,5036,5035,5029,5023,5018,5012,5006,5000)
(10895,1328,5030,5020,5009)
(10896,516,5000,5006,5012,5018,5028,5039,5049)
(10897,1435,5027,5033,5034,5035,5041,5051)
(10898,1436,5038,5027,5017,5012,5007,5002,5003,5004)
(10899,1087,5037,5026,5022,5017,5012,5007,5002)
(10900,1331,5057,5051,5041,5035,5029,5023,5018,5007)
(10901,177,5010,5021,5031,5042,5046)
(10902,517,5029,5023,5018,5012,5006,5000)
(10903,1082,5038,5027,5017,5012,5007)
(10904,1890,5038,5027,5017,5006)
(10905,1257,5035,5029,5023,5018,5012,5006)
(10906,1891,5044,5039,5033,5027,5022,5016)
(10907,1437,5006,5012,5018,5023,5029,5035,5041,5051,5057)
(10908,1333,5044,5039,5033,5027,5022,5016)
(10909,957,5010,5021,5031,5042,5046)
(10910,1438,5026,5016,5005)
(10911,1893,5027,5033,5034,5035,5041,5051)
(10912,183,5030,5041,5051,5057)
(10913,1330,5041,5035,5029,5023,5018,5012,5006)
(10914,1329,5027,5033,5034,5035,5041,5051,5057)
(10915,788,5026,5037,5043,5048)
(10916,787,5021,5031,5042,5052)
(10917,184,5027,5038,5048)
(10918,786,5028,5039,5049)
(10919,1439,5047,5037,5026,5016,5005)
(10920,185,5009,5020,5030,5036,5042)
(10921,1426,5050,5044,5039,5033,5032,5026,5016)
(10922,520,5027,5033,5039,5044,5050)
(10923,521,5056,5051,5046,5042,5031,5021,5010)
(10924,522,5028,5018,5012,5006,5000)
(10925,524,5028,5018,5012,5006,5000)
(10926,166,5029,5023,5018,5012,5006,5000)
(10927,1322,5051,5041,5030)
(10928,154,5026,5016,5005)
(10929,533,5041,5035,5029,5019,5008)
(10930,1425,5044,5040,5029,5024,5020,5009)
(10931,147,5027,5038,5048)
(10932,1319,5006,5017,5022,5026,5037)
(10933,525,5031,5042,5052)
(10934,1317,5040,5029,5024,5020,5015,5010)
(10935,1894,5035,5029,5023,5018,5012,5006)
(10936,781,5029,5035,5041,5051)
(10937,780,5004,5003,5002,5007,5012,5017,5027,5038)
(10938,1423,5029,5035,5041,5051)
(10939,526,5042,5031,5021)
(10940,527,5053,5048,5038,5027,5017,5012,5007,5002)
(10941,778,5018,5028,5039,5044)
(10942,1422,5030,5041,5051)
(10943,528,5042,5036,5035,5029,5019)
(10944,777,5029,5035,5041,5051,5057)
(10945,1339,5008,5019,5029,5035,5041,5051)
(10946,152,5040,5029,5024,5020,5015,5010)
(10947,1895,5026,5037,5047)
(10948,1421,5016,5026,5037,5043,5048,5054)
(10949,1420,5051,5041,5035,5029,5023,5018,5007)
(10950,789,5027,5017,5006)
(10951,530,5056,5051,5046,5042,5031,5021,5010)
(10952,1896,5009,5020,5030,5036)
(10953,155,5048,5038,5027,5017)
(10954,1359,5015,5014,5019,5029,5034,5033,5038,5048)
(10955,165,5008,5019,5029,5035,5041,5051)
(10956,1897,5048,5043,5037,5026,5016,5005)
(10957,1419,5011,5012,5018,5023,5029,5035,5036,5042)
(10958,772,5041,5035,5029,5023,5018,5012,5006)
(10959,1898,5010,5021,5031)
(10960,1899,5026,5037,5043,5048,5054)
(10961,1900,5029,5019,5008)
(10962,1355,5004,5003,5002,5007,5012,5017,5027,5038,5048)
(10963,156,5002,5007,5012,5017,5027,5032,5037)
(10964,534,5026,5016,5005)
(10965,157,5027,5033,5039,5044,5050)
(10966,1364,5007,5018,5023,5029,5035,5041,5051)
(10967,770,5002,5007,5018,5028,5039,5049)
(10968,555,5048,5043,5037,5026,5016)
(10969,769,5049,5039,5028,5018,5012,5006)
(10970,768,5048,5038,5033,5034,5029,5019)
(10971,767,5036,5030,5020,5009)
(10972,1902,5016,5026,5037,5043,5048,5054)
(10973,161,5037,5026,5016)
(10974,1415,5027,5033,5034,5035,5041,5051)
(10975,556,5036,5035,5029,5019,5008)
(10976,96,5009,5014,5019,5029,5040)
(10977,557,5007,5012,5017,5027,5038,5048)
(10978,1903,5006,5012,5018,5028,5039,5049)
(10979,1904,5012,5018,5023,5029,5035,5041,5051)
(10980,580,5016,5026,5037,5043,5048)
(10981,29,5028,5018,5012,5006,5000)
(10982,764,5012,5018,5023,5029,5035,5041,5051)
(10983,581,5000,5006,5012,5018,5023,5029,5035)
(10984,763,5048,5038,5027,5017,5012,5007)
(10985,1412,5009,5014,5019,5029,5034,5039)
(10986,1411,5019,5029,5035,5041)
(10987,1343,5026,5016,5005)
(10988,1905,5053,5048,5038,5027,5017,5012)
(10989,583,5029,5023,5018,5007)
(10990,762,5031,5042,5052)
(10991,1906,5007,5018,5028,5039)
(10992,1442,5047,5037,5026)
(10993,790,5031,5042,5052)
(10994,46,5012,5018,5023,5029,5035,5041)
(10995,1311,5026,5037,5047)
(10996,791,5028,5018,5007)
(10997,1443,5012,5018,5028,5039,5049)
(10998,37,5011,5012,5018,5023,5029,5035,5036,5042)
(10999,792,5020,5030,5036,5042)
(11000,821,5006,5012,5018,5023,5029,5035,5036,5042)
(11001,820,5016,5026,5037,5047)
(11002,584,5019,5029,5035,5041,5051)
(11003,586,5029,5023,5018,5007)
(11004,1907,5051,5041,5035,5029,5023,5018)
(11005,1460,5026,5016,5005)
(11006,816,5030,5041,5051)
(11007,1461,5007,5012,5017,5027,5038)
(11008,588,5002,5007,5018,5028,5039)
(11009,44,5042,5036,5035,5029,5023,5018,5012,5011)
(11010,45,5036,5030,5020,5009)
(11011,1908,5028,5018,5012,5006,5000)
(11012,1274,5028,5039,5044,5050)
(11013,25,5031,5042,5052)
(11014,1272,5016,5026,5037,5043,5048)
(11015,1463,5018,5023,5029,5035,5041,5051,5057)
(11016,812,5040,5029,5019,5008)
(11017,35,5039,5028,5018,5007)
(11018,24,5021,5031,5042,5046,5051)
(11019,3,5057,5051,5041,5035,5029,5023,5018,5012)
(11020,1270,5029,5023,5018,5012,5006)
(11021,1464,5028,5018,5007)
(11022,809,5008,5019,5029,5035,5036)
(11023,1409,5038,5027,5017)
(11024,1266,5026,5016,5005)
(11025,1909,5019,5029,5034,5033,5038,5048,5053)
(11026,1264,5006,5012,5018,5028,5039,5044,5050)
(11027,1263,5040,5029,5024,5020,5015,5010)
(11028,589,5029,5023,5018,5012,5006)
(11029,7,5007,5018,5023,5029,5035)
(11030,1910,5054,5048,5043,5037,5026,5016)
(11031,1260,5006,5012,5018,5028,5039)
(11032,1259,5010,5015,5014,5019,5029,5034,5039,5049)
(11033,1839,5011,5012,5018,5023,5029,5035,5041)
(11034,590,5026,5016,5005)
(11035,1473,5031,5042,5052)
(11036,591,5053,5048,5038,5033,5034,5029,5024,5020,5015)
(11037,805,5000,5006,5012,5018,5028,5039,5044,5050)
(11038,1309,5038,5027,5017)
(11039,1925,5041,5030,5020)
(11040,1825,5029,5035,5041,5051)
(11041,12,5040,5029,5019,5008)
(11042,1410,5018,5023,5029,5035,5041)
(11043,1470,5050,5044,5039,5033,5027)
(11044,14,5003,5002,5007,5012,5017,5027,5038,5048,5053)
(11045,801,5009,5014,5019,5029,5040)
(11046,1471,5018,5023,5029,5035,5041,5051,5057)
(11047,1305,5012,5018,5023,5029,5035,5041,5051)
(11048,595,5028,5018,5007)
(11049,596,5029,5035,5041,5051)
(11050,799,5048,5038,5027)
(11051,1765,5041,5035,5029,5023,5018,5012,5006)
(11052,1767,5011,5012,5018,5023,5029,5035,5041,5051)
(11053,597,5041,5035,5029,5023,5018,5012,5011)
(11054,797,5021,5031,5042)
(11055,1459,5037,5026,5022,5017,5012,5007,5002,5003)
(11056,579,5026,5016,5005)
(11057,18,5028,5018,5012,5006,5000)
(11058,1465,5048,5043,5037,5026,5016,5005)
(11059,795,5029,5019,5008)
(11060,1296,5005,5016,5026,5037,5047)
(11061,1449,5021,5031,5042,5046,5051,5056)
(11062,1443,5043,5037,5026,5016)
(11063,1293,5006,5012,5018,5028,5039,5044)
(11064,1292,5010,5021,5031,5042,5046)
(11065,1291,5029,5023,5018,5012,5006,5000)
(11066,794,5006,5012,5018,5028)
(11067,1290,5006,5012,5018,5028,5039)
(11068,1771,5057,5051,5041,5035,5034,5033,5027)
(11069,577,5049,5044,5040,5029,5024,5020,5015,5010)
(11070,1771,5057,5051,5041,5035,5029,5023)
(11071,1772,5050,5044,5039,5028,5018,5012,5006,5000)
(11072,48,5011,5012,5018,5023,5029,5035,5036,5042)
(11073,1286,5030,5020,5009)
(11074,1351,5019,5029,5035,5036,5042)
(11075,1445,5044,5039,5028,5018)
(11076,1365,5047,5037,5026,5016,5005)
(11077,558,5026,5037,5043,5048,5054)
(11078,1447,5023,5029,5035,5041,5051)
(11079,71,5008,5019,5029,5035,5041,5051,5057)
(11080,1448,5036,5035,5029,5023,5018,5012,5006,5000)
(11081,1450,5000,5006,5012,5018,5023,5029,5035,5041,5051,5057)
(11082,1451,5009,5020,5030,5041,5051)
(11083,1443,5015,5014,5019,5029,5034,5033,5038,5048,5053)
(11084,561,5012,5018,5028,5039,5049)
(11085,1433,5041,5030,5020)
(11086,76,5035,5029,5019,5008)
(11087,1452,5030,5041,5051)
(11088,562,5041,5030,5020,5009)
(11089,747,5019,5029,5040,5050)
(11090,757,5031,5042,5052)
(11091,563,5010,5021,5031)
(11092,1775,5026,5016,5005)
(11093,82,5009,5014,5019,5029,5040)
(11094,1454,5012,5018,5028,5039,5044)
(11095,1424,5047,5037,5026,5016)
(11096,749,5030,5041,5051)
(11097,1454,5037,5026,5022,5017,5012,5007,5002)
(11098,1777,5027,5033,5034,5035,5041,5051,5057)
(11099,567,5029,5035,5041,5051,5057)
(11100,576,5027,5033,5039,5049)
(11101,85,5018,5028,5039,5049)
(11102,744,5030,5041,5051,5057)
(11103,1778,5049,5039,5033,5027)
(11104,745,5028,5039,5049)
(11105,752,5027,5017,5006)
(11106,1779,5049,5044,5040,5029,5024,5020,5009)
(11107,568,5030,5041,5051,5057)
(11108,1440,5027,5038,5048)
(11109,569,5007,5018,5023,5029,5035)
(11110,89,5043,5037,5026,5016)
(11111,1780,5051,5041,5035,5029)
(11112,91,5031,5042,5052)
(11113,59,5042,5036,5035,5029,5019,5008)
(11114,746,5029,5035,5041,5051,5057)
(11115,570,5057,5051,5041,5035,5029,5023,5018,5012,5006,5000)
(11116,54,5000,5006,5012,5018,5023,5029,5035,5036,5042)
(11117,1781,5053,5048,5038,5027,5017,5012,5007,5002,5003,5004)
(11118,748,5021,5031,5042,5046,5051)
(11119,1387,5009,5020,5030,5041,5051,5057)
(11120,56,5019,5029,5035,5041,5051,5057)
(11121,571,5019,5029,5034,5033,5038,5048,5053)
(11122,1384,5029,5035,5041,5051,5057)
(11123,573,5023,5029,5035,5041,5051)
(11124,574,5028,5018,5012,5006)
(11125,1782,5007,5018,5023,5029,5035,5041)
(11126,1540,5027,5017,5006,5000)
(11127,1590,5008,5019,5029,5035,5041)
(11128,70,5042,5031,5021,5010)
(11129,514,5028,5018,5012,5006)
(11130,1783,5012,5017,5027,5038,5048,5053)
(11131,1783,5014,5019,5029,5034,5033,5038,5048,5053)
(11132,1785,5009,5020,5030,5036,5042)
(11133,755,5019,5029,5034,5033,5038,5048)
(11134,1601,5007,5018,5023,5029,5035)
(11135,1602,5007,5018,5023,5029,5035,5036)
(11136,1764,5037,5026,5016,5005)
(11137,64,5030,5041,5051,5057)
(11138,1608,5042,5036,5030,5020)
(11139,67,5053,5048,5038,5027,5017,5012,5007)
(11140,450,5010,5021,5031,5042,5046)
(11141,890,5029,5023,5018,5012,5006)
(11142,825,5057,5051,5041,5030,5020)
(11143,1761,5012,5018,5028,5039)
(11144,451,5031,5042,5052)
(11145,453,5018,5028,5039,5049)
(11146,920,5026,5032,5033,5034,5035,5041,5051,5057)
(11147,919,5049,5039,5028)
(11148,454,5018,5028,5039,5049)
(11149,918,5048,5038,5027)
(11150,1740,5028,5018,5012,5006)
(11151,1616,5042,5036,5035,5029,5023,5018,5012,5006,5000)
(11152,1741,5028,5018,5012,5006,5000)
(11153,1613,5006,5012,5018,5028,5039)
(11154,1394,5000,5006,5012,5018,5028)
(11155,1612,5028,5018,5012,5006,5000)
(11156,915,5027,5017,5006)
(11157,1742,5050,5044,5039,5028,5018)
(11158,1612,5029,5035,5041,5051,5057)
(11159,459,5016,5026,5037,5043)
(11160,914,5057,5051,5041,5035,5029,5019,5008)
(11161,468,5029,5035,5041,5051,5057)
(11162,1415,5006,5017,5027,5038)
(11163,304,5029,5035,5041,5051,5057)
(11164,1743,5029,5035,5041,5051,5057)
(11165,1609,5016,5026,5037,5043,5048,5054)
(11166,1412,5041,5035,5029,5023,5018,5007)
(11167,1746,5006,5012,5018,5023,5029,5035,5036)
(11168,1606,5036,5035,5029,5023,5018,5012,5006,5000)
(11169,911,5053,5048,5038,5027,5017,5012,5007,5002,5003,5004)
(11170,310,5057,5051,5041,5035,5029,5023,5018,5007)
(11171,1604,5042,5036,5030,5020,5009)
(11172,462,5029,5035,5041,5051,5057)
(11173,1747,5044,5039,5033,5027,5022,5016)
(11174,1408,5012,5018,5023,5029,5035,5041,5051,5057)
(11175,315,5038,5027,5017,5012,5007,5002)
(11176,1406,5006,5012,5018,5028,5039,5044)
(11177,1405,5044,5039,5028,5018,5007)
(11178,463,5044,5040,5029,5024,5020,5009)
(11179,1403,5038,5027,5017,5012,5007,5002)
(11180,1748,5041,5035,5029,5023,5018)
(11181,464,5016,5026,5032,5033,5039)
(11182,1599,5008,5019,5029,5035,5041)
(11183,1605,5029,5019,5008)
(11184,465,5000,5006,5012,5018,5023,5029,5035,5041,5051,5057)
(11185,903,5014,5019,5029,5034,5039,5049)
(11186,1615,5037,5026,5022,5017,5012,5007,5002)
(11187,1749,5015,5014,5019,5029,5034,5039,5049)
(11188,1423,5018,5023,5029,5035,5041)
(11189,1750,5011,5012,5018,5023,5029,5035,5036,5042)
(11190,1401,5019,5029,5034,5039,5049)
(11191,1400,5012,5018,5028,5039,5049)
(11192,1626,5006,5012,5018,5023,5029)
(11193,901,5019,5029,5035,5041,5051,5057)
(11194,282,5056,5051,5046,5042,5031,5021)
(11195,1624,5051,5041,5035,5029,5023,5018)
(11196,1625,5036,5035,5029,5023,5018,5012,5006)
(11197,1396,5016,5026,5032,5033,5039)
(11198,1623,5011,5012,5018,5023,5029,5035,5041,5051,5057)
(11199,900,5006,5012,5018,5028,5039,5049)
(11200,899,5023,5029,5035,5041,5051)
(11201,898,5026,5016,5005)
(11202,1622,5030,5041,5051)
(11203,467,5007,5018,5028)
(11204,824,5023,5029,5035,5041,5051)
(11205,1752,5029,5019,5008)
(11206,284,5008,5019,5029)
(11207,1620,5036,5035,5029,5019,5008)
(11208,894,5053,5048,5038,5027,5017,5012)
(11209,286,5011,5012,5018,5023,5029,5035,5036,5042)
(11210,1607,5019,5029,5035,5041,5051)
(11211,449,5028,5039,5049)
(11212,289,5049,5039,5028)
(11213,291,5038,5027,5017,5012,5007,5002)
(11214,317,5027,5033,5039,5049)
(11215,458,5018,5023,5029,5035,5036,5042)
(11216,1595,5027,5017,5006)
(11217,1567,5017,5027,5038)
(11218,342,5027,5033,5034,5035,5041,5051)
(11219,436,5007,5018,5023,5029)
(11220,1565,5039,5028,5018,5012,5006,5000)
(11221,429,5057,5051,5041,5035,5029,5019,5008)
(11222,430,5030,5041,5051,5057)
(11223,334,5029,5023,5018,5012,5006)
(11224,431,5026,5032,5033,5034,5035,5041,5051,5057)
(11225,326,5051,5041,5035,5029,5023,5018,5007)
(11226,925,5040,5029,5019)
(11227,1562,5023,5029,5035,5041,5051,5057)
(11228,1542,5028,5018,5012,5006)
(11229,1158,5016,5026,5032,5033,5039)
(11230,323,5031,5021,5010)
(11231,1156,5040,5029,5019)
(11232,1560,5057,5051,5041,5035,5029,5023,5018,5012,5011)
(11233,1758,5035,5029,5019,5008)
(11234,953,5057,5051,5041,5035,5029,5023,5018,5012,5011)
(11235,952,5027,5033,5039,5049)
(11236,1759,5029,5023,5018,5012,5006,5000)
(11237,951,5007,5012,5017,5027,5032,5037)
(11238,950,5030,5020,5009)
(11239,949,5043,5037,5026,5016)
(11240,948,5027,5033,5039,5044,5050)
(11241,321,5048,5038,5033,5034,5029,5024,5020)
(11242,1556,5012,5018,5023,5029,5035,5041)
(11243,1141,5026,5037,5043,5048)
(11244,1118,5007,5018,5028,5039)
(11245,1760,5031,5042,5052)
(11246,946,5039,5028,5018,5012,5006,5000)
(11247,333,5019,5029,5040)
(11248,1567,5005,5016,5026,5037)
(11249,1760,5035,5029,5023,5018,5012,5006)
(11250,1551,5041,5035,5029,5023,5018,5012)
(11251,338,5044,5040,5029,5024,5020,5009)
(11252,1550,5042,5031,5021,5010)
(11253,434,5026,5016,5005)
(11254,1116,5027,5017,5006,5000)
(11255,1787,5026,5016,5005)
(11256,1114,5029,5035,5041,5051,5057)
(11257,1113,5004,5003,5002,5007,5012,5017,5027,5032,5037)
(11258,1112,5007,5018,5028,5039)
(11259,1548,5041,5035,5029,5023,5018,5012,5006,5000)
(11260,275,5007,5018,5028,5039)
(11261,215,5027,5033,5039,5049)
(11262,276,5037,5026,5022,5017,5006)
(11263,1108,5053,5048,5038,5033,5034,5029,5019)
(11264,1788,5038,5027,5017,5012,5007,5002,5003)
(11265,1546,5047,5037,5026)
(11266,939,5050,5044,5039,5033,5032,5026)
(11267,1545,5031,5042,5052)
(11268,1102,5028,5018,5007)
(11269,1101,5036,5030,5020,5009)
(11270,1789,5017,5027,5038,5048,5053)
(11271,446,5016,5026,5037,5043)
(11272,1164,5035,5029,5023,5018,5012,5006)
(11273,1581,5021,5031,5042,5052)
(11274,1210,5057,5051,5041,5035,5029,5019)
(11275,937,5006,5012,5018,5023,5029,5035,5041,5051,5057)
(11276,936,5020,5030,5036,5042)
(11277,1569,5027,5033,5034,5035,5041,5051,5057)
(11278,440,5051,5041,5035,5034,5033,5027,5022)
(11279,1591,5019,5029,5035,5036,5042)
(11280,1816,5035,5029,5023,5018,5007)
(11281,934,5026,5032,5033,5034,5035,5041,5051)
(11282,228,5021,5031,5042,5046,5051,5056)
(11283,1587,5016,5026,5037,5043)
(11284,229,5027,5038,5048)
(11285,1817,5044,5039,5033,5027,5022,5016)
(11286,442,5036,5035,5029,5019,5008)
(11287,930,5031,5042,5052)
(11288,1225,5010,5021,5031)
(11289,214,5037,5026,5016,5005)
(11290,1223,5010,5021,5031,5042,5046,5051)
(11291,443,5008,5019,5029,5040)
(11292,1221,5015,5014,5019,5029,5034,5033,5038,5048)
(11293,211,5038,5027,5017,5012,5007,5002,5003)
(11294,1818,5030,5041,5051)
(11295,1819,5027,5038,5048)
(11296,1820,5044,5039,5033,5027,5022,5016)
(11297,1821,5015,5014,5019,5029,5034,5033,5038,5048,5053)
(11298,1594,5023,5029,5035,5041,5051)
(11299,927,5031,5042,5052)
(11300,926,5049,5044,5040,5029,5024,5020,5015)
(11301,892,5043,5037,5026,5016)
(11302,1822,5002,5007,5012,5017,5027,5038,5048)
(11303,1213,5012,5018,5028,5039,5044,5050)
(11304,447,5036,5035,5029,5019,5008)
(11305,1823,5030,5020,5009)
(11306,891,5048,5038,5027)
(11307,470,5000,5006,5012,5018,5023,5029,5035,5041,5051)
(11308,203,5004,5003,5002,5007,5012,5017,5027,5038,5048,5053)
(11309,873,5031,5042,5052)
(11310,1578,5006,5012,5018,5023,5029,5035,5041)
(11311,490,5031,5042,5052)
(11312,471,5016,5026,5037,5043,5048,5054)
(11313,853,5018,5023,5029,5035,5036,5042)
(11314,1249,5053,5048,5038,5027,5017,5012,5007,5002)
(11315,205,5000,5006,5012,5018,5028,5039,5044,5050)
(11316,208,5009,5020,5030,5041,5051)
(11317,494,5035,5029,5019,5008)
(11318,495,5047,5037,5026)
(11319,1824,5015,5014,5019,5029,5034,5033,5038,5048,5053)
(11320,1244,5026,5016,5005)
(11321,496,5041,5035,5029,5019,5008)
(11322,850,5031,5042,5052)
(11323,497,5035,5029,5019,5008)
(11324,1837,5049,5039,5028,5018,5007)
(11325,1827,5029,5023,5018,5007)
(11326,1828,5042,5036,5035,5029,5023,5018,5012)
(11327,1829,5004,5003,5002,5007,5012,5017,5027,5038,5048,5053)
(11328,1237,5053,5048,5038,5033,5034,5029,5024,5020,5015)
(11329,1830,5008,5019,5029,5040,5050)
(11330,1831,5011,5012,5018,5023,5029,5035,5036,5042)
(11331,1832,5018,5023,5029,5035,5041,5051,5057)
(11332,266,5044,5039,5033,5027,5022,5016)
(11333,1573,5016,5026,5037,5043,5048,5054)
(11334,268,5018,5028,5039,5049)
(11335,1576,5019,5029,5035,5041,5051)
(11336,1185,5029,5023,5018,5012,5006)
(11337,271,5053,5048,5038,5033,5034,5029,5019)
(11338,845,5021,5031,5042,5046,5051,5056)
(11339,498,5011,5012,5018,5023,5029,5035,5041)
(11340,1835,5019,5029,5034,5039,5049)
(11341,499,5027,5033,5039,5044,5050)
(11342,1836,5038,5027,5017)
(11343,1814,5051,5041,5035,5034,5033,5027,5022)
(11344,1180,5027,5033,5034,5035,5041,5051,5057)
(11345,1179,5027,5017,5006,5000)
(11346,1178,5048,5043,5037,5026,5016,5005)
(11347,1813,5044,5039,5033,5027,5022,5016)
(11348,500,5049,5044,5040,5029,5024,5020,5009)
(11349,1177,5009,5020,5030,5036)
(11350,253,5040,5029,5024,5020,5009)
(11351,1586,5023,5029,5035,5041,5051,5057)
(11352,841,5029,5035,5041,5051,5057)
(11353,502,5051,5041,5035,5029,5023,5018,5007)
(11354,1174,5016,5026,5037,5043,5048,5054)
(11355,1588,5018,5023,5029,5035,5041,5051,5057)
(11356,1590,5030,5041,5051)
(11357,1592,5026,5016,5005)
(11358,1593,5021,5031,5042,5052)
(11359,838,5051,5046,5042,5031,5021)
(11360,1543,5043,5037,5026,5016)
(11361,243,5047,5037,5026,5016,5005)
(11362,1544,5020,5030,5041)
(11363,503,5026,5016,5005)
(11364,1811,5005,5016,5026)
(11365,504,5036,5030,5020,5009)
(11366,506,5000,5006,5012,5018,5023,5029,5035,5036)
(11367,507,5038,5027,5017,5012,5007,5002)
(11368,508,5028,5018,5012,5006)
(11369,1209,5050,5044,5039,5028,5018,5007)
(11370,834,5042,5036,5035,5029,5023,5018,5012,5006,5000)
(11371,509,5002,5007,5012,5017,5027,5038)
(11372,510,5030,5041,5051,5057)
(11373,1208,5037,5026,5022,5017,5012,5007,5002)
(11374,1207,5050,5040,5029,5019)
(11375,832,5010,5015,5014,5019,5029,5034,5039,5049)
(11376,216,5019,5029,5034,5039,5049)
(11377,1790,5031,5042,5052)
(11378,830,5038,5027,5017,5012,5007,5002,5003,5004)
(11379,493,5040,5029,5024,5020,5015,5010)
(11380,245,5004,5003,5002,5007,5012,5017,5027,5032,5037)
(11381,829,5051,5041,5035,5029,5023,5018,5012,5006,5000)
(11382,244,5053,5048,5038,5027,5017,5012,5007,5002)
(11383,828,5021,5031,5042,5046,5051)
(11384,827,5010,5021,5031,5042)
(11385,1198,5016,5026,5037,5043,5048,5054)
(11386,1197,5008,5019,5029,5035)
(11387,1553,5006,5012,5018,5023,5029,5035,5041,5051,5057)
(11388,236,5027,5038,5048)
(11389,826,5053,5048,5038,5027,5017,5006)
(11390,501,5018,5023,5029,5035,5041,5051)
(11391,1791,5031,5042,5052)
(11392,855,5044,5040,5029,5024,5020,5009)
(11393,1557,5012,5018,5028,5039,5044)
(11394,1190,5030,5041,5051)
(11395,1119,5053,5048,5038,5033,5034,5029,5024,5020)
(11396,267,5012,5018,5023,5029,5035,5041)
(11397,1222,5039,5028,5018,5012)
(11398,1191,5031,5042,5052)
(11399,1566,5050,5044,5039,5028,5018,5012,5006)
(11400,1195,5007,5012,5017,5027,5038)
(11401,262,5051,5041,5030,5020,5009)
(11402,480,5028,5018,5012,5006)
(11403,259,5026,5016,5005)
(11404,257,5027,5033,5039,5044,5050)
(11405,1794,5053,5048,5038,5027,5017,5012,5007)
(11406,473,5026,5032,5033,5034,5035,5041,5051)
(11407,1624,5000,5006,5012,5018,5028,5039,5049)
(11408,1617,5057,5051,5041,5035,5029)
(11409,1798,5009,5014,5019,5029,5040)
(11410,1801,5042,5036,5030,5020,5009)
(11411,207,5028,5039,5049)
(11412,1169,5018,5023,5029,5035,5041,5051)
(11413,884,5044,5039,5028,5018,5012)
(11414,883,5029,5023,5018,5012,5006,5000)
(11415,1802,5039,5028,5018,5012,5006)
(11416,882,5049,5044,5040,5029,5024,5020,5015)
(11417,881,5037,5026,5022,5017,5012,5007,5002)
(11418,474,5048,5038,5033,5034,5029,5019)
(11419,475,5028,5039,5044,5050)
(11420,879,5006,5012,5018,5023,5029,5035,5036,5042)
(11421,1247,5018,5028,5039,5049)
(11422,878,5021,5031,5042,5052)
(11423,1234,5035,5029,5019,5008)
(11424,877,5006,5012,5018,5028,5039,5049)
(11425,876,5036,5035,5029,5019,5008)
(11426,1214,5008,5019,5029,5035,5041)
(11427,476,5037,5026,5022,5017,5012,5007)
(11428,1215,5053,5048,5038,5027,5017,5012,5007,5002)
(11429,1219,5051,5041,5035,5029,5023,5018)
(11430,213,5031,5042,5052)
(11431,1610,5026,5016,5005)
(11432,874,5037,5026,5016)
(11433,872,5040,5029,5024,5020,5015,5010)
(11434,871,5031,5042,5052)
(11435,230,5042,5036,5030,5020)
(11436,1804,5043,5037,5026,5016,5005)
(11437,1805,5037,5026,5022,5017,5006)
(11438,477,5036,5035,5029,5023,5018,5007)
(11439,478,5016,5026,5037,5043,5048,5054)
(11440,481,5031,5042,5052)
(11441,1805,5026,5037,5047)
(11442,1092,5027,5017,5006,5000)
(11443,869,5029,5019,5008)
(11444,1097,5006,5012,5018,5028,5039,5044,5050)
(11445,1096,5051,5041,5035,5029,5023,5018)
(11446,344,5041,5035,5029,5023,5018,5012)
(11447,868,5010,5021,5031,5042)
(11448,867,5027,5017,5006,5000)
(11449,1600,5021,5031,5042)
(11450,1807,5019,5029,5034,5039,5049)
(11451,1808,5043,5037,5026,5016)
(11452,1147,5048,5038,5027,5017,5012,5007)
(11453,1809,5010,5021,5031)
(11454,489,5004,5003,5002,5007,5012,5017,5027,5032,5037)
(11455,865,5044,5039,5028,5018,5007)
(11456,340,5003,5002,5007,5012,5017,5027,5032,5037)
(11457,1159,5030,5041,5051)
(11458,1160,5051,5041,5035,5029,5019)
(11459,1143,5053,5048,5038,5033,5034,5029,5019)
(11460,482,5056,5051,5041,5030,5020,5009)
(11461,483,5029,5023,5018,5012,5006)
(11462,313,5038,5027,5017,5012,5007,5002,5003,5004)
(11463,484,5036,5035,5029,5019,5008)
(11464,862,5007,5018,5028,5039,5049)
(11465,1810,5028,5018,5012,5006,5000)
(11466,1133,5048,5038,5027,5017,5012,5007,5002,5003)
(11467,1737,5031,5042,5052)
(11468,486,5019,5029,5034,5039,5049)
(11469,1853,5023,5029,5035,5041,5051)
(11470,488,5002,5007,5018,5028,5039)
(11471,409,5030,5020,5009)
(11472,2,5029,5023,5018,5012,5006,5000)
(11473,487,5041,5035,5029,5023,5018,5012)
(11474,860,5016,5026,5037)
(11475,485,5019,5029,5034,5039,5049)
(11476,335,5039,5028,5018,5012,5006,5000)
(11477,1471,5020,5030,5041,5051,5056)
(11478,331,5016,5026,5037,5043)
(11479,1806,5036,5035,5029,5019,5008)
(11480,1144,5007,5018,5023,5029)
(11481,1469,5006,5012,5018,5028,5039,5049)
(11482,1447,5051,5041,5035,5029,5023,5018,5007)
(11483,870,5041,5035,5029,5023,5018)
(11484,1803,5050,5044,5039,5028,5018)
(11485,1454,5027,5033,5039,5049)
(11486,1393,5037,5026,5022,5017,5006)
(11487,1398,5027,5033,5034,5035,5041,5051)
(11488,1800,5037,5026,5016,5005)
(11489,1799,5000,5006,5012,5018,5028,5039,5049)
(11490,886,5031,5042,5052)
(11491,887,5009,5020,5030,5041,5051,5057)
(11492,1797,5000,5006,5012,5018,5023,5029,5035,5036)
(11493,1796,5053,5048,5038,5027,5017,5012,5007,5002,5003,5004)
(11494,888,5023,5029,5035,5041,5051)
(11495,1795,5000,5006,5012,5018,5023,5029,5035,5036)
(11496,472,5057,5051,5041,5035,5029,5023,5018,5012,5006,5000)
(11497,1794,5049,5039,5028,5018,5007,5002)
(11498,1193,5026,5016,5005)
(11499,1793,5007,5018,5023,5029,5035,5041,5051,5057)
(11500,491,5021,5031,5042)
(11501,1792,5027,5017,5006,5000)
(11502,1192,5027,5038,5048)
(11503,1487,5053,5048,5038,5027,5017)
(11504,319,5026,5037,5047)
(11505,835,5017,5027,5038)
(11506,1168,5016,5026,5037)
(11507,1377,5049,5044,5040,5029,5024,5020,5009)
(11508,511,5020,5030,5041,5051)
(11509,1375,5003,5002,5007,5012,5017,5027,5038,5048,5053)
(11510,241,5036,5030,5020,5009)
(11511,1173,5027,5017,5006)
(11512,1375,5030,5020,5009)
(11513,1812,5049,5039,5033,5027)
(11514,842,5003,5002,5007,5012,5017,5027,5032,5037)
(11515,843,5021,5031,5042,5046,5051)
(11516,1392,5042,5036,5035,5029,5023,5018,5007)
(11517,273,5007,5012,5017,5027,5032,5037)
(11518,269,5012,5018,5023,5029,5035,5041,5051)
(11519,1834,5021,5031,5042,5052)
(11520,274,5031,5042,5052)
(11521,1833,5029,5019,5008)
(11522,1233,5047,5037,5026,5016,5005)
(11523,1448,5021,5031,5042,5046,5051)
(11524,1212,5041,5035,5029,5023,5018)
(11525,263,5026,5016,5005)
(11526,1477,5019,5029,5035,5041)
(11527,1828,5027,5017,5006)
(11528,260,5011,5012,5018,5023,5029,5035,5041)
(11529,848,5026,5032,5033,5034,5035,5041,5051,5057)
(11530,1826,5029,5035,5041,5051,5057)
(11531,1463,5029,5035,5041,5051)
(11532,1253,5007,5018,5023,5029,5035,5041,5051,5057)
(11533,940,5026,5032,5033,5034,5035,5041,5051,5057)
(11534,1478,5038,5027,5017,5012,5007,5002)
(11535,198,5049,5039,5028)
(11536,445,5042,5036,5030,5020,5009)
(11537,196,5038,5027,5017,5006)
(11538,444,5010,5015,5014,5019,5029,5034,5039)
(11539,1456,5030,5041,5051)
(11540,932,5019,5029,5040,5050)
(11541,933,5042,5036,5035,5029,5023,5018,5012)
(11542,1229,5029,5035,5041,5051,5057)
(11543,441,5037,5026,5022,5017,5012,5007,5002,5003,5004)
(11544,438,5029,5023,5018,5007)
(11545,1480,5029,5035,5041,5051,5057)
(11546,1816,5026,5032,5033,5039,5044,5050)
(11547,1815,5014,5019,5029,5034,5033,5038,5048,5053)
(11548,938,5049,5039,5028,5018)
(11549,437,5051,5041,5035,5029)
(11550,435,5018,5028,5039,5044,5050)
(11551,1107,5029,5019,5008)
(11552,1485,5057,5051,5041,5035,5029,5023,5018,5012,5006,5000)
(11553,942,5044,5040,5029,5024,5020,5009)
(11554,1762,5006,5012,5018,5023,5029,5035,5036)
(11555,943,5031,5042,5052)
(11556,1403,5057,5051,5041,5035,5029,5023,5018)
(11557,348,5009,5020,5030,5041,5051)
(11558,945,5018,5028,5039,5049)
(11559,1093,5035,5029,5023,5018,5012,5006,5000)
(11560,433,5029,5023,5018,5012,5006,5000)
(11561,432,5020,5030,5041)
(11562,322,5031,5042,5052)
(11563,1757,5030,5041,5051,5057)
(11564,1155,5019,5029,5034,5033,5038,5048)
(11565,1446,5018,5023,5029,5035,5041)
(11566,955,5027,5017,5006)
(11567,1756,5018,5023,5029,5035,5041,5051)
(11568,1755,5038,5027,5017,5012,5007,5002,5003)
(11569,339,5031,5042,5052)
(11570,1468,5027,5017,5006,5000)
(11571,448,5038,5027,5017)
(11572,1132,5041,5030,5020,5009)
(11573,1754,5006,5012,5018,5028,5039,5049)
(11574,1753,5029,5023,5018,5012,5006,5000)
(11575,895,5015,5014,5019,5029,5034,5033,5038,5048,5053)
(11576,1136,5018,5028,5039,5044,5050)
(11577,1139,5029,5035,5041,5051,5057)
(11578,1258,5030,5041,5051,5057)
(11579,1397,5027,5038,5048)
(11580,1398,5035,5029,5023,5018,5012,5006)
(11581,281,5026,5016,5005)
(11582,1751,5017,5027,5038,5048,5053)
(11583,1467,5042,5031,5021,5010)
(11584,1461,5027,5033,5034,5035,5041,5051)
(11585,1749,5048,5038,5033,5034,5029,5024,5020,5015)
(11586,902,5027,5017,5006,5000)
(11587,905,5021,5031,5042,5046,5051,5056)
(11588,1450,5006,5017,5022,5026,5037)
(11589,907,5036,5035,5029,5023,5018,5012,5006)
(11590,314,5017,5027,5038,5048)
(11591,461,5037,5026,5022,5017,5012,5007)
(11592,912,5026,5016,5005)
(11593,309,5020,5030,5041,5051,5057)
(11594,1745,5036,5035,5029,5023,5018,5012,5006,5000)
(11595,460,5012,5018,5028,5039,5044,5050)
(11596,1744,5021,5031,5042,5052)
(11597,1414,5027,5017,5006)
(11598,1418,5015,5014,5019,5029,5034,5033,5038,5048,5053)
(11599,457,5030,5041,5051)
(11600,456,5038,5027,5017,5012,5007,5002)
(11601,916,5027,5017,5006)
(11602,455,5048,5038,5027,5017,5012,5007,5002)
(11603,917,5038,5027,5017)
(11604,1368,5038,5027,5017,5012,5007)
(11605,1372,5009,5014,5019,5029,5034,5039)
(11606,469,5007,5018,5023,5029,5035,5041,5051,5057)
(11607,1763,5052,5042,5031,5021,5010)
(11608,1786,5038,5027,5017,5012,5007)
(11609,754,5050,5040,5029,5019)
(11610,1376,5030,5041,5051)
(11611,512,5050,5044,5039,5028,5018,5007)
(11612,1407,5002,5007,5018,5028,5039,5049)
(11613,1784,5011,5012,5018,5023,5029,5035,5036,5042)
(11614,1377,5009,5014,5019,5029,5034,5039,5049)
(11615,513,5014,5019,5029,5034,5033,5038,5048)
(11616,60,5029,5023,5018,5007)
(11617,575,5006,5012,5018,5028)
(11618,1372,5007,5018,5028,5039,5044)
(11619,55,5002,5007,5018,5028,5039,5049)
(11620,753,5040,5029,5024,5020,5009)
(11621,1376,5006,5012,5018,5023,5029)
(11622,1432,5037,5026,5022,5017,5012,5007,5002,5003)
(11623,1481,5026,5016,5005)
(11624,1776,5020,5030,5041)
(11625,1436,5002,5007,5012,5017,5027,5032,5037)
(11626,565,5051,5041,5035,5029,5023,5018,5007)
(11627,564,5042,5036,5030,5020,5009)
(11628,1431,5038,5027,5017,5006)
(11629,1442,5010,5021,5031,5042,5052)
(11630,1774,5023,5029,5035,5041,5051,5057)
(11631,560,5036,5035,5029,5023,5018,5012,5006)
(11632,1438,5029,5035,5041,5051)
(11633,1367,5030,5041,5051,5057)
(11634,1773,5026,5016,5005)
(11635,743,5006,5012,5018,5023,5029,5035,5041,5051)
(11636,566,5031,5042,5052)
(11637,793,5035,5029,5019,5008)
(11638,1470,5008,5019,5029,5035,5041)
(11639,1294,5030,5041,5051)
(11640,578,5029,5019,5008)
(11641,1770,5036,5035,5029,5023,5018,5007)
(11642,1297,5051,5041,5035,5029,5023,5018,5007)
(11643,16,5047,5037,5026)
(11644,1769,5038,5027,5017,5012,5007,5002,5003)
(11645,1768,5030,5041,5051)
(11646,1300,5041,5035,5029,5023,5018,5012,5006)
(11647,1766,5007,5018,5028,5039)
(11648,798,5048,5038,5027,5017)
(11649,1388,5031,5042,5052)
(11650,1396,5031,5021,5010)
(11651,594,5041,5035,5029,5023,5018,5012,5011)
(11652,593,5007,5012,5017,5027,5038,5048,5053)
(11653,1839,5029,5040,5050)
(11654,592,5015,5014,5019,5029,5034,5033,5038,5048)
(11655,1483,5012,5018,5023,5029,5035,5041,5051,5057)
(11656,1486,5035,5029,5023,5018,5012,5006,5000)
(11657,1261,5016,5026,5032,5033,5039,5044,5050)
(11658,1265,5009,5014,5019,5029,5040)
(11659,4,5030,5041,5051)
(11660,1381,5039,5028,5018,5012,5006,5000)
(11661,814,5054,5048,5043,5037,5026)
(11662,587,5006,5012,5018,5023,5029,5035,5041,5051)
(11663,817,5031,5042,5052)
(11664,41,5031,5042,5052)
(11665,1283,5026,5032,5033,5034,5035,5041,5051,5057)
(11666,774,5039,5028,5018,5012)
(11667,1907,5029,5023,5018,5012,5006,5000)
(11668,761,5015,5014,5019,5029,5034,5033,5038,5048,5053)
(11669,427,5009,5020,5030,5036)
(11670,582,5049,5039,5028)
(11671,1404,5056,5051,5046,5042,5031,5021)
(11672,47,5029,5035,5041,5051,5057)
(11673,1349,5009,5020,5030,5036)
(11674,163,5053,5048,5038,5027,5017)
(11675,1395,5007,5012,5017,5027,5038,5048,5053)
(11676,1901,5009,5020,5030,5041,5051)
(11677,771,5042,5031,5021)
(11678,1356,5050,5044,5039,5033,5032,5026)
(11679,531,5010,5021,5031,5042,5052)
(11680,773,5030,5041,5051,5057)
(11681,1408,5018,5023,5029,5035,5041,5051,5057)
(11682,1361,5023,5029,5035,5041,5051,5057)
(11683,1455,5017,5027,5038,5048,5053)
(11684,1453,5005,5016,5026)
(11685,529,5057,5051,5041,5035,5029,5023,5018)
(11686,1337,5012,5018,5023,5029,5035,5041)
(11687,150,5026,5032,5033,5034,5035,5041,5051,5057)
(11688,1895,5027,5033,5034,5035,5041,5051)
(11689,149,5048,5043,5037,5026)
(11690,145,5029,5023,5018,5007)
(11691,785,5016,5026,5032,5033,5039,5044)
(11692,1462,5042,5036,5035,5029,5023,5018)
(11693,1332,5003,5002,5007,5012,5017,5027,5038,5048,5053)
(11694,897,5035,5029,5023,5018,5012,5006,5000)
(11695,1334,5030,5041,5051)
(11696,1892,5026,5016,5005)
(11697,181,5026,5037,5047)
(11698,518,5040,5029,5019)
(11699,176,5015,5014,5019,5029,5034,5033,5038,5048,5053)
(11700,174,5002,5007,5012,5017,5027,5038,5048)
(11701,1465,5026,5016,5005)
(11702,1912,5009,5020,5030,5041,5051,5056)
(11703,1323,5028,5018,5012,5006,5000)
(11704,1475,5030,5041,5051,5057)
(11705,143,5029,5035,5041,5051)
(11706,1315,5029,5040,5050)
(11707,535,5016,5026,5037,5043,5048,5054)
(11708,1076,5016,5026,5037,5043)
(11709,1934,5057,5051,5041,5030,5020)
(11710,1051,5019,5029,5034,5033,5038,5048,5053)
(11711,1357,5029,5023,5018,5012,5006,5000)
(11712,1046,5026,5037,5043,5048)
(11713,1394,5030,5041,5051)
(11714,552,5000,5006,5012,5018,5023,5029,5035,5036,5042)
(11715,110,5042,5036,5035,5029,5023,5018,5012,5006,5000)
(11716,1080,5023,5029,5035,5041,5051)
(11717,109,5012,5018,5023,5029,5035,5041)
(11718,1340,5041,5035,5029,5023,5018,5012,5011)
(11719,1386,5026,5016,5005)
(11720,1044,5006,5012,5018,5028,5039,5044)
(11721,984,5044,5040,5029,5024,5020,5009)
(11722,1374,5016,5026,5037,5043,5048)
(11723,1923,5008,5019,5029,5035)
(11724,549,5021,5031,5042)
(11725,548,5019,5029,5035,5041,5051,5057)
(11726,991,5026,5037,5047)
(11727,1383,5000,5006,5012,5018,5023,5029,5035,5036)
(11728,1262,5036,5035,5029,5023,5018,5012,5006,5000)
(11729,554,5047,5037,5026,5016,5005)
(11730,1307,5006,5012,5018,5023,5029,5035,5041)
(11731,546,5049,5039,5028,5018,5007)
(11732,1449,5057,5051,5041,5030,5020)
(11733,542,5027,5033,5039,5049)
(11734,965,5028,5018,5007)
(11735,967,5041,5035,5029,5019,5008)
(11736,1474,5051,5041,5030,5020,5009)
(11737,1917,5050,5044,5039,5028,5018,5012,5006)
(11738,1916,5002,5007,5012,5017,5027,5038)
(11739,1457,5019,5029,5040)
(11740,1915,5036,5035,5029,5023,5018,5007)
(11741,1398,5027,5033,5034,5035,5041,5051,5057)
(11742,1421,5010,5021,5031,5042)
(11743,1887,5027,5038,5048)
(11744,428,5028,5018,5007)
(11745,599,5051,5041,5035,5029,5019,5008)
(11746,1861,5036,5035,5029,5019,5008)
(11747,135,5008,5019,5029,5035,5041,5051)
(11748,1029,5027,5017,5006)
(11749,1422,5016,5026,5037,5043,5048,5054)
(11750,1032,5017,5027,5038)
(11751,1038,5040,5029,5024,5020,5009)
(11752,1370,5057,5051,5041,5035,5034,5033,5032,5026)
(11753,1042,5026,5032,5033,5034,5035,5041,5051)
(11754,115,5019,5029,5035,5041,5051,5057)
(11755,1856,5005,5016,5026,5037,5043)
(11756,1855,5031,5021,5010)
(11757,1410,5010,5021,5031,5042)
(11758,1476,5029,5040,5050)
(11759,1854,5031,5042,5052)
(11760,1738,5057,5051,5041,5035,5029,5023,5018,5012)
(11761,1402,5036,5030,5020,5009)
(11762,1010,5006,5012,5018,5028,5039,5044)
(11763,407,5041,5035,5029,5023,5018,5012,5011)
(11764,411,5053,5048,5038,5027,5017,5012,5007,5002)
(11765,1850,5053,5048,5038,5027,5017,5012,5007,5002,5003,5004)
(11766,1045,5006,5012,5018,5023,5029,5035,5041,5051)
(11767,1849,5011,5012,5018,5023,5029,5035,5041)
(11768,414,5044,5039,5028,5018,5012,5006)
(11769,95,5000,5006,5012,5018,5028,5039,5044,5050)
(11770,1125,5018,5028,5039,5049)
(11771,382,5028,5018,5012,5006,5000)
(11772,374,5006,5012,5018,5023,5029,5035,5041,5051)
(11773,1005,5007,5018,5028)
(11774,22,5048,5038,5027,5017,5012)
(11775,20,5038,5027,5017)
(11776,1036,5007,5018,5028,5039)
(11777,1098,5019,5029,5040)
(11778,378,5019,5029,5034,5033,5038,5048,5053)
(11779,1106,5044,5039,5028,5018,5012,5006,5000)
(11780,77,5038,5027,5017,5012,5007,5002)
(11781,381,5012,5018,5023,5029,5035,5041,5051,5057)
(11782,1002,5036,5035,5029,5023,5018,5012,5006)
(11783,84,5053,5048,5038,5027,5017,5012,5007,5002,5003)
(11784,383,5029,5040,5050)
(11785,1387,5038,5027,5017,5012,5007,5002)
(11786,1405,5041,5035,5029,5023,5018,5012)
(11787,1227,5050,5044,5039,5028)
(11788,425,5009,5020,5030,5041,5051,5056)
(11789,63,5039,5028,5018,5007)
(11790,974,5037,5026,5022,5017,5012,5007,5002,5003)
(11791,389,5042,5036,5035,5029,5023,5018,5007)
(11792,1884,5038,5027,5017,5012,5007,5002,5003)
(11793,392,5017,5027,5038,5048,5053)
(11794,69,5039,5033,5027,5022,5016)
(11795,1884,5049,5039,5028)
(11796,1883,5031,5042,5052)
(11797,1250,5026,5016,5005)
(11798,394,5027,5033,5039,5044,5050)
(11799,1882,5036,5030,5020,5009)
(11800,1459,5006,5012,5018,5028)
(11801,300,5018,5028,5039,5044)
(11802,388,5031,5042,5052)
(11803,395,5008,5019,5029,5035,5041,5051,5057)
(11804,1183,5030,5041,5051)
(11805,980,5038,5027,5017,5012,5007,5002,5003,5004)
(11806,1401,5031,5021,5010)
(11807,337,5031,5042,5052)
(11808,1378,5027,5017,5006,5000)
(11809,992,5027,5017,5006)
(11810,396,5016,5026,5037)
(11811,369,5006,5012,5018,5028)
(11812,1482,5028,5018,5012,5006)
(11813,272,5020,5030,5041,5051,5056)
(11814,1872,5049,5039,5028,5018,5012,5006)
(11815,1063,5004,5003,5002,5007,5012,5017,5027,5032,5037)
(11816,1086,5053,5048,5038,5027,5017,5006)
(11817,261,5041,5035,5029,5023,5018,5012,5006,5000)
(11818,1869,5000,5006,5017,5027)
(11819,264,5000,5006,5012,5018,5023,5029,5035)
(11820,1458,5007,5018,5028,5039,5044)
(11821,363,5042,5036,5035,5029,5023,5018,5012,5011)
(11822,358,5027,5033,5039,5044,5050)
(11823,1866,5006,5012,5018,5023,5029,5035)
(11824,368,5047,5037,5026,5016,5005)
(11825,293,5029,5035,5041,5051)
(11826,357,5021,5031,5042)
(11827,308,5029,5023,5018,5012,5006,5000)
(11828,31,5029,5023,5018,5007)
(11829,759,5016,5026,5037,5043,5048)
(11830,603,5036,5035,5029,5023,5018,5012,5006,5000)
(11831,695,5006,5012,5018,5023,5029)
(11832,706,5026,5037,5047)
(11833,1634,5037,5026,5016)
(11834,1068,5026,5032,5033,5034,5035,5041,5051,5057)
(11835,1643,5021,5031,5042,5046,5051,5056)
(11836,209,5004,5003,5002,5007,5012,5017,5027,5038,5048,5053)
(11837,270,5027,5017,5006,5000)
(11838,1236,5041,5035,5029,5023,5018,5012)
(11839,1668,5016,5026,5037,5043)
(11840,711,5028,5018,5012,5006)
(11841,249,5031,5042,5052)
(11842,256,5057,5051,5041,5035,5029,5023,5018,5007)
(11843,985,5027,5033,5034,5035,5041,5051,5057)
(11844,720,5028,5018,5012,5006)
(11845,1656,5044,5039,5028,5018,5012,5006,5000)
(11846,1379,5026,5032,5033,5039,5044,5050)
(11847,1380,5044,5039,5028,5018,5012,5006)
(11848,993,5017,5027,5038,5048,5053)
(11849,995,5053,5048,5038,5033,5034,5029,5019)
(11850,329,5031,5042,5052)
(11851,1384,5031,5042,5052)
(11852,341,5006,5012,5018,5023,5029,5035,5036,5042)
(11853,1650,5000,5006,5012,5018,5023,5029,5035,5041,5051)
(11854,1651,5010,5021,5031,5042,5052)
(11855,1653,5028,5018,5007)
(11856,287,5029,5035,5041,5051,5057)
(11857,297,5000,5006,5012,5018,5028,5039,5049)
(11858,1243,5042,5031,5021)
(11859,605,5012,5018,5023,5029,5035,5041)
(11860,1460,5019,5029,5035,5041,5051,5057)
(11861,661,5030,5041,5051)
(11862,975,5021,5031,5042,5046,5051,5056)
(11863,1382,5007,5018,5028,5039)
(11864,1105,5019,5029,5035,5036,5042)
(11865,649,5017,5027,5038,5048)
(11866,1040,5012,5018,5023,5029,5035,5036,5042)
(11867,1033,5057,5051,5041,5035,5034,5033,5027)
(11868,1161,5026,5016,5005)
(11869,43,5000,5006,5012,5018,5028,5039)
(11870,40,5029,5023,5018,5007)
(11871,640,5023,5029,5035,5041,5051,5057)
(11872,1304,5038,5027,5017,5012,5007)
(11873,620,5029,5023,5018,5007)
(11874,632,5038,5027,5017,5012,5007,5002,5003)
(11875,1021,5028,5039,5049)
(11876,1466,5049,5039,5028,5018)
(11877,1404,5020,5030,5041)
(11878,1718,5027,5017,5006,5000)
(11879,1008,5028,5018,5007)
(11880,102,5007,5012,5017,5027,5032,5037)
(11881,1715,5006,5012,5018,5023,5029,5035,5041,5051)
(11882,1374,5007,5018,5023,5029,5035,5041)
(11883,1402,5000,5006,5012,5018,5028,5039)
(11884,1382,5057,5051,5041,5035,5034,5033,5027)
(11885,1719,5026,5032,5033,5039,5044,5050)
(11886,1713,5040,5029,5024,5020,5015,5010)
(11887,1711,5016,5026,5037,5043,5048,5054)
(11888,1710,5015,5014,5019,5029,5034,5033,5038,5048)
(11889,717,5036,5035,5029,5023,5018,5007)
(11890,631,5005,5016,5026)
(11891,1389,5048,5038,5027,5017,5006)
(11892,1373,5000,5006,5012,5018,5023,5029,5035,5041,5051,5057)
(11893,1712,5028,5018,5012,5006)
(11894,989,5039,5033,5027,5022,5016)
(11895,1671,5057,5051,5041,5035,5029,5023,5018)
(11896,129,5021,5031,5042)
(11897,1721,5037,5026,5022,5017,5012,5007)
(11898,136,5037,5026,5022,5017,5006)
(11899,137,5039,5028,5018,5012,5006,5000)
(11900,962,5026,5037,5047)
(11901,646,5002,5007,5018,5028,5039)
(11902,1735,5037,5026,5022,5017,5012,5007)
(11903,979,5020,5030,5041,5051,5057)
(11904,1400,5037,5026,5022,5017,5012,5007)
(11905,1284,5043,5037,5026,5016,5005)
(11906,1282,5015,5014,5019,5029,5034,5039,5049)
(11907,1409,5011,5012,5018,5023,5029,5035,5036,5042)
(11908,693,5031,5042,5052)
(11909,1732,5023,5029,5035,5041,5051,5057)
(11910,1057,5007,5018,5028,5039)
(11911,178,5006,5012,5018,5023,5029,5035,5036)
(11912,1729,5056,5051,5046,5042,5031,5021,5010)
(11913,180,5041,5035,5029,5023,5018,5012,5006)
(11914,1728,5056,5051,5046,5042,5031,5021)
(11915,1727,5012,5018,5023,5029,5035,5041,5051,5057)
(11916,182,5018,5023,5029,5035,5041)
(11917,697,5041,5030,5020,5009)
(11918,1723,5027,5017,5006)
(11919,1326,5051,5041,5035,5029,5023,5018,5012,5006,5000)
(11920,1705,5000,5006,5012,5018,5028,5039,5044)
(11921,784,5041,5035,5029,5023,5018,5012,5006,5000)
(11922,1472,5019,5029,5035,5041,5051)
(11923,1704,5041,5035,5029,5023,5018,5012)
(11924,1479,5029,5035,5041,5051,5057)
(11925,148,5018,5028,5039,5044,5050)
(11926,1313,5042,5036,5035,5029,5023,5018,5012,5011)
(11927,779,5027,5033,5034,5035,5041,5051,5057)
(11928,776,5039,5028,5018,5012)
(11929,775,5029,5035,5041,5051,5057)
(11930,1360,5003,5002,5007,5012,5017,5027,5038,5048,5053)
(11931,1473,5030,5041,5051,5057)
(11932,158,5029,5023,5018,5012,5006,5000)
(11933,727,5028,5039,5044,5050)
(11934,164,5026,5016,5005)
(11935,1397,5026,5037,5047)
(11936,1399,5016,5026,5032,5033,5039,5044,5050)
(11937,677,5051,5041,5035,5029,5023,5018,5007)
(11938,27,5036,5035,5029,5019,5008)
(11939,624,5027,5017,5006,5000)
(11940,1342,5041,5035,5029,5023,5018,5012,5006,5000)
(11941,1312,5019,5029,5040,5050)
(11942,1281,5023,5029,5035,5041,5051)
(11943,818,5020,5030,5041,5051)
(11944,42,5057,5051,5041,5030,5020)
(11945,1385,5036,5035,5029,5019,5008)
(11946,811,5030,5041,5051,5057)
(11947,659,5015,5014,5019,5029,5034,5033,5038,5048)
(11948,1702,5040,5029,5019,5008)
(11949,1701,5027,5017,5006)
(11950,1484,5020,5030,5036,5042)
(11951,8,5057,5051,5041,5035,5029,5023,5018,5007)
(11952,1306,5035,5029,5023,5018,5012,5006,5000)
(11953,1366,5006,5017,5027,5038)
(11954,1299,5057,5051,5041,5030,5020,5009)
(11955,1289,5012,5018,5028,5039)
(11956,760,5042,5036,5035,5029,5023,5018)
(11957,822,5015,5014,5019,5029,5034,5039,5049)
(11958,1380,5026,5016,5005)
(11959,49,5029,5035,5041,5051)
(11960,1670,5057,5051,5041,5030)
(11961,1434,5042,5036,5035,5029,5023,5018,5012,5011)
(11962,644,5057,5051,5041,5030,5020,5009)
(11963,78,5029,5035,5041,5051)
(11964,1703,5051,5041,5030)
(11965,1697,5014,5019,5029,5034,5039,5049)
(11966,1445,5028,5018,5012,5006,5000)
(11967,1452,5028,5018,5007)
(11968,758,5035,5029,5023,5018,5012,5006,5000)
(11969,1426,5057,5051,5041,5035,5029,5023,5018,5012,5011)
(11970,1427,5002,5007,5012,5017,5027,5032,5037)
(11971,90,5051,5046,5042,5031,5021,5010)
(11972,73,5029,5023,5018,5012,5006,5000)
(11973,726,5048,5038,5027,5017,5012)
(11974,1676,5016,5026,5032,5033,5039,5044)
(11975,722,5036,5035,5029,5023,5018,5012,5006,5000)
(11976,1388,5028,5018,5012,5006,5000)
(11977,715,5020,5030,5036,5042)
(11978,1406,5050,5040,5029,5019)
(11979,813,5046,5042,5031,5021,5010)
(11980,698,5036,5035,5029,5023,5018,5012,5006)
(11981,921,5026,5037,5043,5048,5054)
(11982,1369,5027,5038,5048)
(11983,1390,5035,5029,5023,5018,5012,5006,5000)
(11984,1407,5014,5019,5029,5034,5033,5038,5048,5053)
(11985,200,5029,5035,5041,5051)
(11986,913,5004,5003,5002,5007,5012,5017,5027,5038,5048)
(11987,1413,5039,5028,5018,5007)
(11988,1724,5030,5041,5051)
(11989,311,5053,5048,5038,5027,5017,5012)
(11990,909,5006,5012,5018,5023,5029,5035,5041)
(11991,295,5026,5016,5005)
(11992,904,5007,5018,5023,5029,5035,5036,5042)
(11993,280,5021,5031,5042)
(11994,1138,5008,5019,5029,5035,5041,5051)
(11995,290,5014,5019,5029,5034,5033,5038,5048,5053)
(11996,1464,5028,5018,5007)
(11997,1123,5049,5044,5040,5029,5024,5020,5015)
(11998,924,5029,5040,5050)
(11999,1157,5050,5044,5039,5033,5027)
(12000,233,5049,5039,5028,5018,5012)
(12001,956,5000,5006,5012,5018,5028,5039,5044)
(12002,941,5029,5023,5018,5012,5006)
(12003,223,5029,5035,5041,5051)
(12004,931,5046,5042,5031,5021,5010)
(12005,231,5030,5041,5051)
(12006,1165,5030,5041,5051,5057)
(12007,929,5010,5021,5031,5042)
(12008,1232,5049,5039,5028,5018,5007,5002)
(12009,202,5050,5044,5039,5028,5018,5012,5006)
(12010,854,5030,5041,5051)
(12011,206,5029,5023,5018,5012,5006)
(12012,851,5006,5012,5018,5028,5039,5044,5050)
(12013,1737,5028,5018,5007)
(12014,1256,5014,5019,5029,5034,5039,5049)
(12015,847,5030,5041,5051)
(12016,1641,5016,5026,5037,5043,5048,5054)
(12017,1182,5030,5041,5051,5057)
(12018,844,5010,5015,5014,5019,5029,5040)
(12019,1391,5026,5037,5047)
(12020,238,5003,5002,5007,5012,5017,5027,5038)
(12021,1670,5028,5039,5049)
(12022,839,5011,5012,5018,5023,5029,5035,5036,5042)
(12023,1659,5026,5016,5005)
(12024,837,5029,5023,5018,5007)
(12025,675,5016,5026,5032,5033,5039,5044)
(12026,831,5039,5028,5018,5012,5006)
(12027,718,5019,5029,5034,5033,5038,5048)
(12028,1648,5019,5029,5034,5039,5049)
(12029,240,5006,5012,5018,5028,5039,5044,5050)
(12030,713,5007,5018,5023,5029,5035,5041,5051,5057)
(12031,739,5010,5021,5031,5042,5046)
(12032,1662,5053,5048,5038,5033,5034,5029,5024,5020)
(12033,1386,5027,5017,5006,5000)
(12034,737,5043,5037,5026,5016)
(12035,1241,5030,5041,5051,5057)
(12036,1146,5010,5021,5031,5042,5046,5051,5056)
(12037,866,5028,5018,5007)
(12038,863,5007,5018,5023,5029,5035,5036,5042)
(12039,1638,5019,5029,5035,5041)
(12040,312,5028,5039,5044,5050)
(12041,1451,5019,5029,5034,5039,5049)
(12042,1135,5009,5014,5019,5029,5040)
(12043,299,5026,5032,5033,5034,5035,5041,5051)
(12044,1645,5049,5044,5040,5029,5019)
(12045,1639,5026,5032,5033,5034,5035,5041,5051,5057)
(12046,5,5026,5016,5005)
(12047,1938,5050,5044,5039,5033,5032,5026)
