#carID, StartTime, RoadID...
(10000,2,5057,5052,5047,5042,5031,5020)
(10001,400,5040,5034,5028,5022,5016)
(10002,399,5042,5031,5020,5009)
(10003,398,5008,5019,5030,5041)
(10004,397,5006,5017,5028,5034)
(10005,396,5010,5021,5032,5037,5036,5041,5052,5057)
(10006,395,5047,5041,5030,5019,5013)
(10007,394,5031,5020,5009)
(10008,393,5016,5022,5028,5034,5035,5041,5047,5048,5054)
(10009,392,5028,5039,5050,5056)
(10010,391,5016,5022,5028,5034,5035,5041)
(10011,390,5047,5046,5040,5034,5028,5017,5006)
(10012,389,5006,5017,5028,5034)
(10013,388,5040,5034,5028,5017)
(10014,401,5056,5057,5052,5047,5042,5031,5026,5021)
(10015,387,5018,5029,5040)
(10016,385,5053,5042,5036,5030)
(10017,384,5007,5018,5029,5040,5051)
(10018,383,5044,5039,5028,5017,5012,5007,5002,5003)
(10019,382,5028,5017,5006,5000)
(10020,381,5039,5028,5017,5012,5013,5008)
(10021,380,5050,5039,5028,5017,5012,5007,5002)
(10022,379,5021,5032,5043,5054)
(10023,378,5009,5020,5031,5042,5047,5052)
(10024,377,5017,5028,5039)
(10025,376,5055,5050,5039,5034,5035,5030,5019,5008,5003)
(10026,375,5007,5018,5029,5040,5051)
(10027,374,5007,5013,5019,5030,5036,5042,5048)
(10028,373,5000,5006,5012,5013,5019,5030,5036,5042)
(10029,386,5029,5040,5051)
(10030,403,5006,5017,5028,5034,5035,5036,5037)
(10031,299,5036,5030,5019,5008)
(10032,404,5052,5046,5040,5034,5028,5022)
(10033,308,5021,5032,5043)
(10034,307,5035,5034,5028,5017,5006,5000)
(10035,307,5054,5048,5047,5046,5040,5034,5028,5017,5006,5000)
(10036,306,5028,5017,5006)
(10037,305,5031,5042,5048,5054)
(10038,305,5030,5019,5013,5007)
(10039,304,5030,5041,5047,5053)
(10040,303,5028,5017,5006)
(10041,303,5028,5039,5050,5056)
(10042,302,5034,5028,5017,5006)
(10043,301,5050,5039,5028,5017,5012,5007)
(10044,301,5049,5038,5027)
(10045,300,5031,5042,5048,5054)
(10046,309,5047,5041,5030,5019,5013)
(10047,299,5042,5031,5020,5009)
(10048,298,5007,5013,5019,5030,5041,5052)
(10049,297,5032,5021,5015,5014,5013,5012,5006,5000)
(10050,297,5056,5050,5039,5028,5022)
(10051,296,5030,5041,5052)
(10052,295,5007,5012,5017,5028,5039,5050,5055)
(10053,295,5010,5021,5032,5037,5036,5035,5040)
(10054,294,5043,5032,5021)
(10055,293,5031,5042,5053)
(10056,293,5030,5019,5013,5007)
(10057,408,5055,5050,5039,5034,5035,5030,5019)
(10058,407,5040,5034,5028,5017,5006,5000)
(10059,406,5052,5046,5040,5034,5028)
(10060,405,5006,5017,5028,5034,5040)
(10061,372,5039,5028,5022,5016)
(10062,402,5028,5034,5035,5036,5042,5053)
(10063,371,5021,5032,5043)
(10064,338,5028,5039,5050,5056)
(10065,336,5021,5032,5037,5042,5047,5052,5057)
(10066,335,5043,5032,5021,5010)
(10067,334,5048,5047,5041,5030,5019)
(10068,333,5013,5012,5017,5028,5039,5050)
(10069,332,5055,5050,5039,5034,5035,5030,5019,5008)
(10070,331,5029,5018,5007)
(10071,330,5031,5020,5009)
(10072,329,5021,5032,5043)
(10073,328,5040,5034,5028,5022,5016)
(10074,327,5044,5039,5028,5017,5006)
(10075,326,5017,5028,5034,5040,5046,5047)
(10076,325,5010,5015,5014,5013,5012,5017,5028,5039)
(10077,324,5008,5013,5018,5023,5028,5039)
(10078,337,5050,5039,5028,5017)
(10079,323,5012,5017,5028,5039,5050)
(10080,321,5030,5041,5047,5053)
(10081,320,5019,5030,5036,5042,5048)
(10082,319,5027,5016,5005)
(10083,318,5015,5014,5013,5012,5017,5028,5039,5050)
(10084,317,5041,5030,5019,5008)
(10085,316,5030,5041,5047,5053)
(10086,315,5030,5041,5047,5053)
(10087,314,5052,5041,5030,5019)
(10088,313,5036,5030,5019,5008)
(10089,312,5054,5048,5047,5046,5040,5034,5028,5022,5016)
(10090,311,5021,5032,5043)
(10091,310,5052,5041,5030,5019,5013)
(10092,309,5007,5013,5019,5030,5041,5052)
(10093,322,5046,5041,5036,5031,5026,5021,5010)
(10094,339,5049,5038,5027,5016)
(10095,354,5017,5028,5039,5050,5056)
(10096,340,5030,5041,5047,5048,5054)
(10097,368,5030,5041,5052)
(10098,367,5040,5029,5018)
(10099,366,5032,5043,5054)
(10100,365,5034,5028,5017,5006)
(10101,364,5015,5021,5032,5043)
(10102,363,5047,5041,5030,5019,5013)
(10103,362,5031,5042,5053)
(10104,361,5050,5039,5028,5017,5012,5007)
(10105,360,5014,5013,5018,5023,5028,5039,5050)
(10106,359,5019,5030,5041,5052,5058)
(10107,358,5042,5031,5026,5021,5010)
(10108,357,5027,5016,5005)
(10109,356,5036,5035,5034,5028,5017,5006,5000)
(10110,369,5039,5028,5017,5012,5013,5008)
(10111,355,5027,5016,5005)
(10112,353,5028,5017,5006)
(10113,352,5036,5035,5034,5028,5017,5006,5000)
(10114,351,5055,5050,5039,5028,5017,5012)
(10115,350,5019,5030,5036,5042,5048)
(10116,349,5018,5029,5040)
(10117,348,5039,5028,5017,5006)
(10118,347,5044,5039,5028,5017,5006)
(10119,346,5031,5020,5009)
(10120,345,5028,5017,5006,5000)
(10121,344,5039,5028,5017)
(10122,343,5047,5041,5030,5019,5008)
(10123,342,5008,5019,5030,5041,5052,5057)
(10124,341,5029,5018,5007)
(10125,370,5022,5028,5039,5050)
(10126,309,5010,5021,5032,5037,5036,5041,5052)
(10127,310,5032,5021,5015,5009,5003)
(10128,311,5031,5042,5053)
(10129,373,5003,5002,5007,5012,5017,5028,5039)
(10130,372,5029,5018,5007)
(10131,372,5005,5016,5027,5038,5049)
(10132,371,5036,5035,5034,5028,5017,5006)
(10133,370,5057,5052,5047,5042,5031,5020,5009)
(10134,370,5030,5041,5047,5048,5054)
(10135,369,5038,5027,5016)
(10136,368,5027,5016,5005)
(10137,368,5010,5021,5032,5043)
(10138,367,5010,5021,5032,5037,5036,5041,5052,5057)
(10139,366,5016,5027,5038)
(10140,365,5007,5018,5029,5040)
(10141,365,5052,5046,5040,5029)
(10142,374,5016,5022,5028,5034,5035,5041,5047,5048)
(10143,364,5016,5027,5038)
(10144,363,5008,5019,5030,5041,5047,5048,5054)
(10145,362,5029,5040,5046,5047,5048,5054)
(10146,361,5000,5006,5017,5028,5034,5040)
(10147,361,5030,5019,5008)
(10148,360,5007,5013,5019,5030,5036)
(10149,359,5028,5017,5006)
(10150,359,5016,5022,5028,5039)
(10151,358,5034,5028,5017,5006,5000)
(10152,357,5009,5020,5031,5036,5035,5040)
(10153,357,5032,5021,5015,5009,5003)
(10154,356,5039,5028,5017,5012,5013,5008)
(10155,355,5029,5018,5007)
(10156,355,5034,5028,5017,5006)
(10157,363,5007,5013,5019,5030,5036)
(10158,374,5014,5013,5018,5023,5028,5039,5050)
(10159,375,5040,5034,5028,5017,5006,5000)
(10160,376,5028,5039,5050,5056,5057)
(10161,395,5017,5028,5034,5040,5046,5047,5048)
(10162,394,5034,5028,5017,5006,5000)
(10163,394,5047,5046,5040,5034,5028,5017,5006,5000)
(10164,393,5049,5038,5027,5016)
(10165,392,5058,5057,5056,5050,5039,5028)
(10166,392,5017,5028,5039,5044,5049)
(10167,391,5008,5019,5030,5036,5037)
(10168,390,5003,5002,5007,5012,5017,5028,5039)
(10169,390,5051,5040,5029,5018)
(10170,389,5019,5030,5041,5052)
(10171,388,5010,5021,5032,5037,5036,5041)
(10172,388,5029,5018,5007)
(10173,387,5044,5039,5028,5017,5012,5007)
(10174,386,5017,5028,5034,5040,5046,5047)
(10175,386,5041,5035,5034,5028,5017,5006)
(10176,385,5013,5019,5030,5041,5052)
(10177,384,5032,5043,5054)
(10178,384,5028,5017,5006)
(10179,383,5016,5022,5028,5039)
(10180,382,5050,5039,5028,5017,5006)
(10181,382,5007,5013,5019,5030,5036)
(10182,381,5008,5013,5018,5023,5028,5039,5050)
(10183,380,5030,5019,5008)
(10184,380,5049,5038,5027,5016)
(10185,379,5028,5039,5050,5056)
(10186,378,5052,5046,5040,5034,5028,5022)
(10187,378,5028,5039,5050,5056,5057)
(10188,377,5021,5032,5037,5042,5047,5052)
(10189,376,5030,5041,5052)
(10190,354,5048,5042,5031,5020,5009)
(10191,353,5028,5039,5050,5056,5057)
(10192,353,5016,5027,5038,5049)
(10193,331,5038,5027,5016,5005)
(10194,330,5031,5020,5009)
(10195,329,5029,5040,5046,5047,5053)
(10196,328,5010,5021,5032,5037,5036,5041,5052,5057)
(10197,328,5034,5028,5017,5006,5000)
(10198,327,5054,5043,5032,5021)
(10199,326,5055,5050,5039,5034,5035,5030,5019,5008)
(10200,326,5003,5002,5007,5012,5017,5028,5039)
(10201,325,5034,5028,5017,5006)
(10202,324,5029,5040,5046,5047,5048,5054)
(10203,324,5022,5028,5039,5050,5056,5057,5058)
(10204,323,5020,5031,5042,5053)
(10205,322,5013,5019,5030,5036,5042)
(10206,322,5010,5021,5032,5037,5036,5041,5052,5057,5056)
(10207,330,5052,5041,5030,5019,5008)
(10208,321,5047,5042,5031,5020,5009)
(10209,320,5056,5057,5052,5047,5042,5031,5026,5021)
(10210,319,5036,5030,5019,5013,5007)
(10211,318,5017,5028,5034,5040,5046)
(10212,318,5036,5035,5034,5028,5017,5006)
(10213,317,5041,5030,5019,5013,5007)
(10214,316,5052,5046,5040,5034,5028,5017,5006,5000)
(10215,316,5040,5034,5028,5022,5016)
(10216,315,5029,5018,5007)
(10217,314,5022,5028,5039,5050,5056,5057,5058)
(10218,314,5016,5022,5028,5039,5050,5056)
(10219,313,5050,5039,5028,5022)
(10220,312,5029,5040,5046,5047,5053)
(10221,312,5007,5013,5019,5030,5036,5042,5053)
(10222,320,5041,5035,5034,5028,5017)
(10223,332,5009,5020,5031,5036,5035,5040)
(10224,342,5031,5042,5048,5054)
(10225,332,5054,5048,5042,5031,5020,5009)
(10226,351,5022,5028,5034,5035,5036,5042,5048,5054)
(10227,351,5031,5042,5053)
(10228,350,5030,5041,5047,5048,5054)
(10229,349,5000,5006,5017,5028,5034,5040)
(10230,349,5016,5022,5028,5034,5035,5041,5047,5048,5054)
(10231,348,5050,5039,5028,5017,5012)
(10232,347,5028,5034,5035,5036,5042,5053)
(10233,347,5029,5040,5046,5052)
(10234,346,5031,5042,5048,5054)
(10235,345,5027,5016,5005)
(10236,345,5007,5018,5029,5040)
(10237,344,5031,5042,5053)
(10238,343,5059,5054,5043,5032,5021)
(10239,352,5006,5017,5028,5034,5035,5041,5052,5058)
(10240,343,5055,5050,5039,5034,5035,5030,5019)
(10241,341,5006,5017,5028,5034,5035,5041,5052,5058)
(10242,341,5007,5013,5019,5030,5036)
(10243,340,5028,5017,5006)
(10244,339,5027,5016,5005)
(10245,339,5028,5039,5050,5056)
(10246,338,5034,5028,5017,5006,5000)
(10247,337,5016,5022,5028,5034,5040)
(10248,336,5008,5013,5018,5023,5028,5039,5044,5049)
(10249,336,5028,5017,5006)
(10250,335,5028,5017,5006)
(10251,334,5032,5021,5015,5014,5013,5007)
(10252,334,5021,5032,5037,5042,5047,5052)
(10253,333,5034,5028,5017,5006)
(10254,308,5036,5035,5034,5028,5017,5006,5000)
(10255,307,5059,5054,5043,5032,5021)
(10256,306,5048,5047,5041,5030,5019)
(10257,169,5016,5022,5028,5039,5050)
(10258,124,5028,5034,5035,5036,5042,5053)
(10259,123,5028,5034,5035,5036,5042,5053)
(10260,121,5012,5017,5028,5039,5044,5049)
(10261,120,5016,5022,5028,5039)
(10262,119,5006,5017,5028,5034,5035,5041,5052)
(10263,117,5015,5014,5013,5012,5017,5028,5039,5044,5049)
(10264,116,5027,5016,5005)
(10265,115,5052,5041,5030,5019,5014,5009)
(10266,113,5056,5050,5039,5028,5017,5006)
(10267,112,5008,5019,5030,5041)
(10268,111,5048,5042,5031,5020,5009)
(10269,110,5046,5041,5036,5031,5026,5021,5010)
(10270,108,5035,5034,5028,5017,5006)
(10271,125,5022,5028,5034,5035,5036,5042,5048,5054)
(10272,107,5051,5040,5029)
(10273,104,5007,5013,5019,5030,5041,5052)
(10274,103,5034,5028,5017,5006)
(10275,102,5050,5039,5028,5017)
(10276,100,5013,5019,5030,5036,5042,5048,5054)
(10277,99,5008,5019,5030,5041,5047,5053)
(10278,98,5053,5042,5036,5030,5019,5013)
(10279,96,5028,5017,5006)
(10280,95,5021,5032,5043,5054,5059)
(10281,94,5013,5019,5030,5036,5042,5048,5054)
(10282,92,5044,5039,5034,5035,5036,5031,5020,5015,5010)
(10283,91,5013,5019,5030,5036,5042)
(10284,90,5019,5030,5036,5042)
(10285,88,5036,5035,5034,5028,5017,5006,5000)
(10286,106,5022,5028,5039,5050)
(10287,128,5053,5042,5036,5030,5019,5013,5007)
(10288,148,5028,5034,5035,5036,5042,5048,5054)
(10289,129,5028,5039,5050,5056,5057)
(10290,167,5020,5031,5042,5053)
(10291,165,5030,5019,5013,5007)
(10292,164,5009,5020,5031,5036,5035,5040)
(10293,163,5050,5039,5028,5017)
(10294,161,5049,5038,5027,5016)
(10295,160,5039,5028,5017,5012,5007)
(10296,159,5048,5042,5031,5020)
(10297,157,5032,5021,5015,5009,5003)
(10298,156,5028,5034,5035,5036,5042,5053)
(10299,155,5016,5022,5028,5034,5035,5041,5047,5048)
(10300,153,5050,5039,5028,5022)
(10301,152,5052,5041,5030,5019)
(10302,151,5021,5032,5037,5042,5047,5052,5057)
(10303,168,5053,5042,5036,5030,5019,5013,5012)
(10304,149,5000,5006,5017,5028,5039,5050,5056)
(10305,147,5039,5028,5017,5012,5013,5014,5015,5010)
(10306,145,5010,5021,5032,5037,5042)
(10307,144,5030,5019,5013,5007)
(10308,143,5056,5050,5039,5028,5022,5016)
(10309,141,5029,5040,5046,5047,5048,5054)
(10310,140,5046,5041,5030,5019,5008,5003)
(10311,139,5013,5019,5030,5041)
(10312,137,5009,5020,5031,5042,5047)
(10313,136,5027,5016,5005)
(10314,135,5008,5019,5030,5041,5052)
(10315,133,5009,5015,5021,5032)
(10316,132,5051,5040,5029,5018,5007)
(10317,131,5041,5035,5034,5028,5017)
(10318,87,5039,5028,5017,5012,5013,5014,5015,5010)
(10319,127,5028,5017,5006)
(10320,86,5009,5020,5031,5042,5047,5052)
(10321,42,5030,5041,5052)
(10322,39,5044,5039,5028,5017,5006)
(10323,38,5053,5042,5036,5030,5019,5013,5007)
(10324,37,5030,5041,5052)
(10325,35,5046,5041,5030,5019,5008,5003)
(10326,34,5021,5032,5043,5054,5059)
(10327,33,5055,5050,5039,5034,5035,5030,5019,5014,5015)
(10328,31,5056,5057,5052,5047,5042,5031,5026,5021)
(10329,30,5010,5021,5032,5037,5036,5041,5052,5057,5056)
(10330,29,5019,5030,5041,5052,5057)
(10331,27,5054,5048,5047,5046,5040,5034,5028,5017,5006)
(10332,26,5057,5052,5041,5030,5019)
(10333,25,5014,5019,5030,5041,5052)
(10334,23,5019,5030,5041,5052)
(10335,41,5020,5031,5042)
(10336,22,5032,5043,5054)
(10337,19,5020,5031,5042,5053)
(10338,18,5016,5022,5028,5034,5035,5041,5052)
(10339,17,5013,5012,5017,5028,5039,5050)
(10340,15,5040,5034,5028,5017,5006,5000)
(10341,14,5054,5043,5032)
(10342,13,5059,5054,5043,5032,5021,5010)
(10343,11,5009,5020,5031,5042)
(10344,10,5040,5034,5028,5017)
(10345,9,5006,5017,5028,5034,5035,5041)
(10346,7,5016,5022,5028,5034,5035,5041,5047)
(10347,6,5021,5032,5037,5042,5047,5052,5057)
(10348,5,5028,5034,5035,5036,5042,5053)
(10349,3,5047,5046,5040,5034,5028,5022,5016)
(10350,21,5010,5021,5032,5037,5042)
(10351,43,5054,5043,5032,5021,5010)
(10352,63,5054,5043,5032,5021,5010)
(10353,45,5007,5012,5017,5028,5039,5050)
(10354,82,5041,5030,5019)
(10355,80,5032,5043,5054)
(10356,79,5015,5021,5032,5043,5054)
(10357,78,5021,5032,5037,5042,5047,5052,5057)
(10358,76,5058,5057,5056,5050,5039,5028,5022)
(10359,75,5013,5019,5030,5036,5042,5053)
(10360,74,5044,5039,5034,5035,5036,5031,5020,5015,5010)
(10361,72,5032,5043,5054)
(10362,71,5019,5030,5041)
(10363,70,5032,5021,5015,5014,5013,5007)
(10364,68,5034,5028,5017,5006)
(10365,67,5028,5039,5050)
(10366,66,5054,5048,5047,5041,5030,5019,5013,5007)
(10367,83,5034,5028,5017,5006,5000)
(10368,64,5029,5018,5007)
(10369,62,5018,5029,5040,5051)
(10370,60,5005,5016,5027)
(10371,59,5000,5006,5017,5028,5039,5050,5056)
(10372,58,5013,5019,5030,5041)
(10373,56,5039,5028,5017,5012,5013,5008,5003)
(10374,55,5038,5027,5016)
(10375,54,5041,5030,5019,5013,5007)
(10376,53,5019,5030,5036,5042,5048,5054)
(10377,51,5036,5030,5019,5008)
(10378,50,5052,5041,5030,5019,5013,5007)
(10379,49,5047,5041,5030,5019,5013)
(10380,47,5055,5050,5039,5034,5035,5030,5019)
(10381,46,5013,5019,5030,5036,5042)
(10382,84,5047,5046,5040,5034,5028,5017)
(10383,170,5032,5043,5054)
(10384,242,5014,5013,5018,5023,5028,5039,5050)
(10385,172,5032,5043,5054)
(10386,272,5048,5047,5041,5035,5034,5028,5022,5016)
(10387,271,5055,5050,5039,5034,5035,5030,5019)
(10388,270,5000,5006,5017,5028,5034,5040,5046)
(10389,269,5040,5034,5028,5017,5006,5000)
(10390,268,5047,5046,5040,5034,5028,5017,5006,5000)
(10391,267,5003,5002,5007,5012,5017,5028,5039,5044,5049)
(10392,266,5028,5017,5006)
(10393,265,5007,5012,5017,5028,5039,5050,5055)
(10394,264,5000,5006,5012,5013,5019,5030,5036,5042,5048)
(10395,263,5042,5031,5020)
(10396,262,5057,5052,5047,5042,5031,5020,5009)
(10397,261,5057,5052,5047,5042,5031,5020,5009)
(10398,260,5050,5039,5028,5017,5006,5000)
(10399,273,5019,5030,5036,5042,5048)
(10400,259,5032,5043,5054)
(10401,257,5054,5048,5047,5046,5040,5029)
(10402,256,5056,5057,5052,5047,5042,5031,5020)
(10403,255,5028,5039,5050,5056)
(10404,254,5035,5034,5028,5017,5006,5000)
(10405,253,5050,5039,5028)
(10406,252,5036,5035,5034,5028,5017,5006)
(10407,251,5010,5021,5032,5043)
(10408,250,5028,5039,5050)
(10409,249,5047,5041,5030,5019,5008)
(10410,248,5016,5027,5038,5049)
(10411,247,5030,5019,5013,5007)
(10412,246,5044,5039,5028,5017,5006)
(10413,245,5052,5041,5030,5019,5014,5015)
(10414,258,5040,5029,5018)
(10415,275,5056,5050,5039,5028,5022)
(10416,290,5000,5006,5017,5028,5039,5050)
(10417,276,5009,5020,5031,5042)
(10418,304,5029,5040,5051)
(10419,303,5053,5042,5031,5020,5009)
(10420,302,5036,5030,5019,5008)
(10421,301,5034,5028,5017,5006,5000)
(10422,300,5048,5047,5041,5035,5034,5028,5022,5016)
(10423,299,5017,5028,5039,5050,5056)
(10424,298,5055,5050,5039,5034,5035,5030,5019,5014,5015,5010)
(10425,297,5010,5021,5032,5037,5036,5041)
(10426,296,5008,5013,5018,5023,5028,5039,5044,5049)
(10427,295,5055,5050,5039,5034,5035,5030,5019,5014,5015,5010)
(10428,294,5039,5028,5017,5006,5000)
(10429,293,5039,5028,5017,5012,5013,5008)
(10430,292,5055,5050,5039,5028,5017,5012)
(10431,305,5006,5017,5028,5039,5050,5056)
(10432,291,5028,5017,5006)
(10433,289,5010,5015,5014,5013,5012,5017,5028,5039)
(10434,288,5013,5012,5017,5028,5039,5050)
(10435,287,5006,5017,5028,5034,5035,5036)
(10436,286,5019,5030,5036,5042,5048)
(10437,285,5031,5042,5048,5054)
(10438,284,5028,5017,5006,5000)
(10439,283,5047,5046,5040,5034,5028,5017,5006)
(10440,282,5032,5043,5054)
(10441,281,5015,5021,5032,5043)
(10442,280,5000,5006,5017,5028,5039,5050,5056)
(10443,279,5014,5013,5018,5023,5028,5039,5044,5049)
(10444,278,5028,5017,5006)
(10445,277,5046,5041,5030,5019,5008,5003)
(10446,244,5048,5047,5041,5030,5019,5013,5012,5006,5000)
(10447,274,5036,5035,5034,5028,5017,5006)
(10448,243,5044,5039,5028,5017,5012,5007,5002)
(10449,210,5058,5057,5056,5050,5039,5028,5022,5016)
(10450,208,5015,5021,5032,5043,5054)
(10451,207,5030,5041,5047,5053)
(10452,206,5029,5040,5046,5047,5048,5054)
(10453,205,5034,5028,5017,5006)
(10454,204,5003,5002,5007,5012,5017,5028,5039,5044,5049)
(10455,202,5012,5017,5028,5039,5044,5049)
(10456,201,5056,5050,5039,5028,5022)
(10457,200,5015,5014,5013,5012,5017,5028,5039,5050)
(10458,198,5040,5029,5018,5007)
(10459,197,5032,5021,5015,5014,5013,5012,5006,5000)
(10460,196,5032,5021,5015,5014,5013,5012,5006)
(10461,194,5003,5002,5007,5012,5017,5028,5039,5044,5049)
(10462,193,5029,5040,5051)
(10463,209,5019,5030,5036,5042,5048,5054)
(10464,192,5006,5017,5028,5034,5035,5041,5047)
(10465,189,5030,5041,5047,5053)
(10466,188,5030,5041,5047,5048,5054)
(10467,186,5032,5043,5054)
(10468,185,5009,5020,5031,5042,5047)
(10469,184,5032,5021,5015,5014,5013,5007)
(10470,182,5035,5034,5028,5017,5006,5000)
(10471,181,5050,5039,5028,5017,5006,5000)
(10472,180,5030,5041,5052)
(10473,178,5030,5041,5047,5048,5054)
(10474,177,5017,5028,5034,5040,5046,5047)
(10475,176,5042,5031,5020,5009)
(10476,174,5050,5039,5028,5017,5006)
(10477,173,5039,5028,5017,5012,5013,5008,5003)
(10478,190,5006,5017,5028,5034,5035)
(10479,211,5050,5039,5028,5022,5016)
(10480,226,5019,5030,5041,5052)
(10481,212,5034,5028,5017,5006,5000)
(10482,240,5028,5017,5006,5000)
(10483,239,5017,5028,5034,5040,5046,5047,5048,5054)
(10484,238,5050,5039,5028)
(10485,237,5028,5039,5050,5056,5057)
(10486,236,5010,5021,5032,5043)
(10487,235,5032,5043,5054)
(10488,234,5027,5038,5049)
(10489,233,5028,5039,5050,5056)
(10490,232,5031,5042,5053)
(10491,231,5054,5043,5032)
(10492,230,5047,5042,5031,5020,5015,5010)
(10493,229,5056,5050,5039,5028,5017,5006)
(10494,228,5016,5022,5028,5034,5035,5041)
(10495,241,5032,5043,5054)
(10496,227,5058,5057,5056,5050,5039,5028,5022,5016)
(10497,225,5031,5042,5048,5054)
(10498,224,5048,5047,5041,5030,5019,5013,5007)
(10499,223,5052,5041,5030,5019,5013)
(10500,222,5049,5038,5027)
(10501,221,5055,5050,5039,5034,5035,5030,5019)
(10502,220,5029,5018,5007)
(10503,219,5013,5019,5030,5036,5042,5053)
(10504,218,5032,5043,5054)
(10505,217,5010,5021,5032,5043,5054)
(10506,216,5015,5021,5032,5043)
(10507,215,5034,5028,5017,5006)
(10508,214,5039,5028,5017,5012,5013,5008,5003)
(10509,213,5027,5038,5049)
(10510,396,5029,5040,5046,5047,5053)
(10511,397,5051,5040,5029,5018,5007)
