#carID, StartTime, RoadID...
(10000,304,5025,5031,5042,5053)
(10001,402,5005,5011,5012,5018,5024,5025,5031,5042,5053,5059)
(10002,384,5011,5012,5018,5024,5025,5031,5042,5053,5059)
(10003,196,5018,5024,5025,5031,5042,5053)
(10004,404,5016,5027,5038,5049)
(10005,380,5018,5029,5040)
(10006,370,5045,5040,5029,5018,5007,5002)
(10007,363,5011,5016,5027,5038,5049)
(10008,297,5030,5024,5018,5012,5011,5005)
(10009,366,5054,5043,5032,5021,5010)
(10010,295,5023,5024,5025,5031,5042,5053,5059)
(10011,181,5006,5012,5018,5029,5040)
(10012,189,5051,5045,5039,5028)
(10013,205,5057,5051,5040,5029,5018,5012,5011,5005)
(10014,410,5028,5017,5011,5005)
(10015,398,5032,5043,5054)
(10016,374,5015,5020,5025,5024,5029,5034,5033,5038,5049)
(10017,177,5053,5042,5031,5025,5024,5018,5007)
(10018,378,5040,5029,5024,5025,5026,5021,5010)
(10019,318,5011,5012,5018,5029,5040,5051)
(10020,319,5020,5031,5042,5053)
(10021,320,5032,5043,5054)
(10022,320,5056,5051,5040,5029,5018)
(10023,141,5051,5040,5029,5018,5007,5002)
(10024,379,5042,5031,5025,5019,5008)
(10025,322,5030,5041,5052)
(10026,145,5028,5034,5040,5051,5057)
(10027,371,5018,5024,5025,5031,5042,5053)
(10028,367,5041,5030,5024,5018,5007)
(10029,324,5031,5025,5024,5018,5012,5011,5005)
(10030,151,5009,5015,5021,5032)
(10031,315,5010,5015,5020,5031,5042)
(10032,307,5023,5024,5025,5031,5042,5053,5059)
(10033,153,5010,5015,5020,5025,5024,5029,5040,5051)
(10034,306,5029,5040,5051)
(10035,392,5019,5025,5031,5042)
(10036,391,5028,5034,5040,5051,5057)
(10037,159,5009,5020,5031,5042,5047)
(10038,318,5011,5012,5018,5029,5040,5051)
(10039,313,5010,5015,5020,5025,5024,5029,5034,5033,5038,5049)
(10040,332,5025,5031,5042,5053,5059)
(10041,310,5045,5040,5029,5018,5007,5002)
(10042,168,5029,5018,5007)
(10043,169,5000,5005,5016,5027,5038,5049,5055)
(10044,172,5030,5041,5052)
(10045,327,5010,5015,5020,5031,5042,5053,5058)
(10046,174,5040,5029,5018,5007,5002,5003)
(10047,309,5041,5030,5019)
(10048,204,5046,5045,5044,5038,5027,5016,5005)
(10049,324,5017,5028,5039)
(10050,314,5029,5040,5051,5057)
(10051,323,5032,5026,5020,5009)
(10052,322,5059,5053,5042,5031)
(10053,170,5031,5025,5019,5008)
(10054,305,5038,5033,5034,5029,5018,5007,5002,5003,5004)
(10055,304,5045,5040,5029,5018,5007,5002,5003,5004)
(10056,303,5043,5032,5026,5025,5024,5018,5012)
(10057,321,5005,5011,5012,5018,5024,5030)
(10058,319,5059,5053,5042,5031,5025,5024,5018,5012,5006)
(10059,326,5024,5025,5031,5042,5053,5059)
(10060,324,5028,5017,5006)
(10061,314,5041,5030,5019)
(10062,312,5020,5031,5042,5053,5058)
(10063,157,5038,5027,5016,5005)
(10064,322,5032,5043,5054)
(10065,156,5049,5038,5027,5016)
(10066,155,5031,5042,5053)
(10067,321,5049,5038,5033,5034,5029,5018,5013)
(10068,310,5046,5045,5044,5038,5027,5016)
(10069,309,5038,5033,5034,5029,5018,5007)
(10070,147,5010,5015,5020,5031,5042)
(10071,346,5028,5034,5040,5051)
(10072,178,5056,5051,5040,5029,5024,5025,5026,5021)
(10073,358,5040,5029,5018,5007,5002)
(10074,137,5012,5018,5024,5025,5026,5032,5043)
(10075,302,5045,5040,5029,5018,5007)
(10076,356,5056,5051,5040,5029,5018,5007)
(10077,328,5038,5027,5016)
(10078,401,5031,5025,5019,5008)
(10079,180,5043,5032,5026,5025,5019)
(10080,399,5049,5038,5033,5034,5029,5018,5007)
(10081,354,5040,5029,5018,5007,5002,5003)
(10082,352,5053,5042,5031,5025,5024,5018,5007)
(10083,395,5028,5017,5011,5005)
(10084,403,5003,5009,5020,5031,5042,5053)
(10085,350,5031,5025,5019,5008)
(10086,409,5032,5043,5054)
(10087,348,5015,5020,5025,5024,5029,5040,5051)
(10088,359,5031,5025,5024,5018,5012,5006)
(10089,296,5013,5018,5029,5040,5051,5057)
(10090,297,5010,5021,5032,5043,5054)
(10091,343,5006,5012,5018,5024,5025,5026,5032,5043)
(10092,397,5000,5005,5016,5027,5038,5049)
(10093,190,5029,5040,5051)
(10094,299,5028,5034,5040,5051,5057)
(10095,339,5042,5031,5025,5024,5018,5007,5001)
(10096,193,5049,5038,5033,5034,5029,5018)
(10097,337,5025,5031,5042,5053)
(10098,400,5012,5018,5029,5040,5051,5057)
(10099,305,5040,5029,5024,5025,5026,5021,5010)
(10100,361,5031,5042,5053)
(10101,116,5059,5053,5042,5031,5025,5024,5018,5012,5006)
(10102,330,5021,5032,5043,5054)
(10103,335,5038,5033,5034,5029,5018,5007)
(10104,336,5049,5038,5033,5028,5017)
(10105,379,5042,5031,5025,5019,5008)
(10106,338,5051,5040,5029,5018,5007)
(10107,38,5043,5032,5026,5025,5019)
(10108,39,5056,5051,5040,5029,5024,5025,5020)
(10109,378,5031,5025,5024,5018,5012,5006)
(10110,42,5005,5011,5012,5018,5029,5040,5051,5057)
(10111,340,5038,5027,5016)
(10112,377,5028,5039,5050)
(10113,45,5041,5030,5019)
(10114,376,5059,5053,5042,5031,5025,5024,5018,5012)
(10115,341,5018,5024,5025,5026,5032,5043)
(10116,342,5029,5018,5012,5011,5005)
(10117,49,5015,5020,5031,5042,5053)
(10118,374,5045,5040,5029,5018,5007,5002,5003,5004)
(10119,380,5050,5044,5038,5027)
(10120,344,5007,5018,5024,5025,5031)
(10121,373,5014,5013,5018,5029,5034,5033,5038,5049)
(10122,50,5023,5024,5025,5031,5042,5053)
(10123,345,5027,5016,5005)
(10124,53,5049,5038,5027,5016,5005)
(10125,347,5029,5018,5007,5001)
(10126,54,5030,5041,5052)
(10127,371,5006,5012,5018,5029,5040,5051,5057)
(10128,56,5005,5011,5012,5018,5024,5025,5026,5032,5043)
(10129,329,5032,5043,5054)
(10130,349,5029,5018,5007,5001)
(10131,370,5042,5031,5025,5019)
(10132,367,5010,5015,5020,5031,5042)
(10133,62,5028,5039,5050)
(10134,351,5027,5038,5044,5045,5051,5057,5058,5059)
(10135,353,5058,5053,5042,5031,5026,5021)
(10136,382,5027,5016,5005)
(10137,35,5006,5012,5018,5024,5025,5026,5032)
(10138,64,5039,5028,5017,5006)
(10139,390,5043,5032,5026,5025,5024,5018,5012,5011)
(10140,382,5027,5016,5005)
(10141,34,5040,5029,5018,5007,5002)
(10142,397,5027,5038,5044,5045,5051,5057,5058,5059)
(10143,355,5050,5044,5038,5027)
(10144,396,5042,5031,5025,5024,5018,5012)
(10145,357,5011,5012,5018,5029,5040)
(10146,334,5015,5020,5031,5042,5053,5058)
(10147,394,5041,5030,5019)
(10148,394,5053,5042,5031,5025,5024,5018,5012,5011)
(10149,393,5049,5038,5033,5034,5029,5018,5007,5002)
(10150,6,5012,5018,5029,5040,5046)
(10151,333,5010,5015,5020,5025,5024,5029,5034,5033,5038)
(10152,7,5043,5032,5021)
(10153,318,5032,5043,5054)
(10154,307,5051,5045,5044,5038,5027)
(10155,9,5056,5051,5040,5029,5018,5007,5002,5003)
(10156,308,5010,5015,5020,5025,5024,5029,5034,5033,5038)
(10157,392,5020,5031,5042,5053)
(10158,391,5020,5031,5042,5053)
(10159,311,5025,5031,5042,5053)
(10160,313,5013,5018,5029,5040,5051)
(10161,389,5027,5016,5005)
(10162,13,5014,5013,5018,5029,5034,5033,5038,5049)
(10163,14,5009,5020,5025,5024,5029,5040)
(10164,15,5005,5011,5012,5018,5024,5025,5031,5042,5053,5059)
(10165,315,5019,5025,5031,5042,5053)
(10166,316,5025,5031,5042,5053)
(10167,317,5010,5015,5020,5025,5024,5029,5034,5033,5038)
(10168,386,5005,5011,5012,5018,5029,5040,5051)
(10169,17,5021,5032,5043,5054)
(10170,386,5049,5038,5033,5034,5029,5018,5013)
(10171,385,5043,5032,5026,5025,5024,5018)
(10172,331,5043,5032,5026,5025,5024,5018)
(10173,19,5016,5027,5038,5044,5050)
(10174,21,5005,5011,5012,5018,5024,5030,5041)
(10175,320,5019,5025,5031,5042,5053)
(10176,384,5031,5025,5019,5008)
(10177,383,5050,5039,5028)
(10178,23,5019,5025,5031,5042,5053,5059)
(10179,306,5042,5031,5020,5009)
(10180,381,5027,5016,5005)
(10181,27,5031,5042,5053)
(10182,29,5028,5017,5006)
(10183,346,5029,5018,5007,5001)
(10184,344,5018,5024,5025,5031,5042,5053,5059)
(10185,343,5028,5017,5011,5005)
(10186,33,5009,5020,5031,5042,5047)
(10187,66,5013,5018,5029,5040,5051,5057)
(10188,67,5031,5042,5053)
(10189,68,5025,5031,5042,5053,5059)
(10190,343,5059,5053,5042,5031,5025,5019,5008)
(10191,104,5056,5051,5040,5029,5024,5025,5026,5021)
(10192,325,5031,5025,5019,5008)
(10193,326,5043,5032,5026,5020)
(10194,342,5010,5015,5020,5031,5042,5053,5058)
(10195,108,5027,5038,5044,5045,5051,5057)
(10196,328,5016,5027,5038,5044,5050)
(10197,329,5032,5043,5054)
(10198,112,5028,5017,5011,5005)
(10199,330,5014,5013,5018,5029,5040,5051)
(10200,360,5031,5025,5019,5008)
(10201,385,5053,5042,5031)
(10202,336,5025,5031,5042,5053)
(10203,387,5023,5024,5025,5031,5042,5053)
(10204,117,5043,5032,5026,5025,5024,5018,5012,5011)
(10205,335,5042,5031,5025,5019,5008)
(10206,390,5025,5031,5042,5053,5059)
(10207,334,5023,5024,5025,5031,5042,5053)
(10208,382,5031,5042,5053,5059)
(10209,389,5032,5043,5054)
(10210,383,5018,5024,5025,5031,5042,5053)
(10211,332,5007,5018,5029,5040)
(10212,331,5028,5017,5011,5005)
(10213,368,5029,5018,5012,5011,5005)
(10214,369,5010,5015,5020,5031,5042,5053)
(10215,128,5043,5032,5026,5025,5024,5018,5012,5011)
(10216,361,5057,5051,5040,5029,5018,5007)
(10217,360,5012,5018,5029,5040)
(10218,372,5015,5020,5025,5024,5029,5034,5033,5038,5049)
(10219,359,5059,5053,5042,5031,5020)
(10220,102,5039,5028,5017,5006)
(10221,100,5018,5029,5040,5051)
(10222,362,5006,5012,5018,5029,5040,5051,5057)
(10223,376,5015,5020,5031,5042,5053,5058)
(10224,377,5029,5040,5051,5057)
(10225,358,5018,5029,5034,5033,5038,5049)
(10226,70,5005,5011,5012,5018,5029,5040,5051,5057)
(10227,71,5042,5031,5025,5024,5018,5012,5011,5005)
(10228,364,5038,5033,5034,5029,5018,5007)
(10229,381,5032,5026,5025,5024,5018,5007)
(10230,75,5021,5032,5043,5054)
(10231,375,5049,5038,5033,5034,5029,5018,5013,5014)
(10232,357,5051,5040,5029,5018,5012,5006)
(10233,357,5018,5024,5025,5031,5042,5053)
(10234,373,5049,5038,5027,5016,5005)
(10235,355,5030,5024,5018,5012,5011,5005)
(10236,365,5042,5031,5026,5021,5010)
(10237,82,5031,5042,5053)
(10238,83,5032,5043,5054)
(10239,353,5023,5024,5025,5031,5042,5053,5059)
(10240,353,5018,5029,5040,5051,5057)
(10241,352,5029,5018,5012,5011,5005)
(10242,351,5028,5017,5011,5005)
(10243,388,5012,5018,5029,5040,5051)
(10244,90,5007,5018,5029,5040,5051,5057)
(10245,91,5051,5040,5029,5018,5007,5002,5003)
(10246,92,5027,5016,5005)
(10247,94,5050,5044,5038,5027,5016)
(10248,350,5029,5018,5007,5001)
(10249,348,5051,5040,5029,5018,5013)
(10250,386,5028,5017,5011,5005)
(10251,135,5053,5042,5031,5025)
(10252,370,5003,5009,5015,5021,5032,5043)
(10253,328,5059,5053,5042,5031,5025,5024,5018)
(10254,258,5011,5012,5018,5029,5040,5051,5057)
(10255,305,5010,5015,5020,5025,5024,5029,5034,5039)
(10256,349,5025,5031,5042,5053,5059)
(10257,349,5051,5045,5039,5028)
(10258,95,5028,5017,5011,5005)
(10259,88,5005,5011,5012,5018,5024,5030,5041)
(10260,87,5024,5025,5031,5042,5053)
(10261,351,5029,5018,5012,5011,5005)
(10262,86,5027,5016,5005)
(10263,84,5040,5029,5018,5007,5002,5003)
(10264,230,5021,5032,5043)
(10265,241,5014,5013,5018,5029,5040,5051)
(10266,354,5032,5043,5054)
(10267,80,5056,5051,5040,5029,5018,5013)
(10268,363,5005,5011,5012,5018,5024,5025,5026,5032)
(10269,356,5031,5042,5053,5059)
(10270,242,5051,5040,5029,5018,5012,5011,5005)
(10271,79,5040,5029,5018,5007,5002)
(10272,78,5056,5051,5040,5029,5018,5007,5002,5003)
(10273,76,5054,5043,5032)
(10274,74,5007,5018,5029,5040,5051,5057)
(10275,72,5007,5018,5024,5025,5026,5032)
(10276,216,5027,5016,5005)
(10277,223,5010,5021,5032,5043)
(10278,98,5058,5053,5042,5031,5020,5009)
(10279,99,5032,5043,5054)
(10280,131,5010,5015,5020,5025,5024,5029,5040)
(10281,359,5050,5039,5028,5017,5006)
(10282,229,5040,5029,5018,5007,5002)
(10283,129,5057,5051,5040,5029,5018,5012,5011)
(10284,225,5000,5005,5016,5027,5038,5049)
(10285,361,5014,5013,5018,5029,5034,5033,5038,5049)
(10286,362,5006,5012,5018,5024,5025,5031,5042,5053,5059)
(10287,347,5058,5053,5042,5031,5020)
(10288,127,5025,5031,5042,5053)
(10289,125,5012,5018,5029,5040,5051,5057)
(10290,355,5018,5029,5040,5051)
(10291,347,5031,5020,5009)
(10292,337,5028,5034,5040,5051,5057)
(10293,330,5049,5038,5033,5034,5029,5018,5007)
(10294,124,5023,5024,5025,5031,5042,5053)
(10295,123,5002,5007,5018,5029,5040,5051,5057)
(10296,332,5028,5017,5006)
(10297,333,5027,5038,5044,5045,5051,5057,5058)
(10298,232,5027,5038,5044,5050)
(10299,121,5007,5018,5029,5040,5051,5056)
(10300,236,5020,5031,5042)
(10301,120,5041,5030,5019)
(10302,334,5049,5038,5033,5028,5017)
(10303,119,5013,5018,5029,5040,5051,5057)
(10304,132,5038,5027,5016,5005,5000)
(10305,115,5025,5031,5042,5053,5059)
(10306,233,5043,5032,5026,5025,5024,5018)
(10307,224,5023,5024,5025,5031,5042,5053)
(10308,336,5002,5007,5018,5029,5034,5039)
(10309,338,5051,5040,5029,5024,5025,5026,5021)
(10310,345,5042,5031,5025,5024,5018,5007)
(10311,113,5028,5034,5040,5051,5057)
(10312,338,5032,5043,5054)
(10313,214,5041,5030,5024,5018,5007)
(10314,111,5006,5012,5018,5029,5040,5046)
(10315,339,5053,5042,5031,5020,5009)
(10316,340,5047,5042,5031,5020,5009)
(10317,341,5028,5034,5040,5051)
(10318,110,5018,5024,5025,5031,5042,5053,5059)
(10319,341,5003,5009,5020,5031)
(10320,107,5015,5020,5031,5042,5053,5058)
(10321,220,5051,5040,5029,5024,5025,5020)
(10322,106,5014,5013,5018,5029,5040,5051)
(10323,103,5031,5025,5024,5018,5012,5006)
(10324,276,5014,5013,5018,5029,5034,5039,5050)
(10325,277,5040,5029,5018,5012,5006)
(10326,345,5025,5031,5042,5053)
(10327,30,5028,5039,5050)
(10328,364,5032,5026,5025,5024,5018,5007,5001)
(10329,26,5031,5042,5053,5059)
(10330,25,5049,5038,5033,5034,5029,5024,5025,5026,5021)
(10331,365,5049,5038,5027)
(10332,22,5031,5042,5053)
(10333,243,5015,5020,5025,5024,5029,5034,5033,5038,5049)
(10334,284,5053,5042,5031,5025,5024,5018,5012,5011,5005)
(10335,384,5038,5027,5016,5005)
(10336,286,5012,5018,5029,5040,5051,5057)
(10337,287,5039,5028,5017,5006)
(10338,18,5051,5040,5029,5024,5025,5026,5021)
(10339,288,5011,5012,5018,5024,5025,5031,5042,5053)
(10340,387,5028,5034,5040,5051,5057)
(10341,289,5031,5025,5024,5018,5012,5011,5005)
(10342,290,5045,5040,5029,5018,5007,5002,5003)
(10343,388,5057,5051,5045,5039,5028)
(10344,291,5015,5020,5025,5024,5029,5034,5039,5050)
(10345,388,5032,5043,5054)
(10346,11,5030,5024,5018,5007)
(10347,10,5027,5016,5005)
(10348,390,5010,5015,5020,5031,5042,5053,5058)
(10349,294,5029,5018,5012,5011,5005)
(10350,398,5038,5033,5034,5029,5018,5007)
(10351,295,5027,5038,5044,5045,5051,5057)
(10352,296,5038,5027,5016,5005,5000)
(10353,392,5031,5042,5053,5059)
(10354,297,5020,5031,5042,5053,5059)
(10355,298,5043,5032,5026,5025,5024,5018,5007)
(10356,299,5007,5018,5024,5025,5031)
(10357,301,5016,5027,5038,5049)
(10358,302,5027,5038,5049)
(10359,275,5032,5026,5020,5009)
(10360,5,5014,5013,5018,5029,5040,5051)
(10361,274,5012,5018,5029,5040,5051)
(10362,395,5021,5032,5043,5054)
(10363,3,5028,5017,5006)
(10364,396,5031,5042,5053)
(10365,272,5020,5031,5042,5053)
(10366,31,5029,5040,5051,5057)
(10367,245,5011,5012,5018,5024,5025,5031,5042,5053,5059)
(10368,246,5027,5038,5044,5045,5051,5057,5058)
(10369,247,5027,5016,5005)
(10370,250,5029,5018,5012,5011,5005)
(10371,251,5011,5012,5018,5024,5025,5031,5042,5053)
(10372,372,5020,5031,5042,5053,5058)
(10373,63,5031,5042,5053,5059)
(10374,365,5038,5027,5016,5005,5000)
(10375,366,5029,5040,5051,5057)
(10376,367,5030,5024,5018,5012,5011,5005)
(10377,60,5024,5025,5031,5042,5053)
(10378,368,5012,5018,5024,5025,5031,5042)
(10379,369,5027,5016,5005)
(10380,59,5051,5040,5029,5018,5012,5011)
(10381,254,5056,5051,5040,5029,5018)
(10382,58,5045,5040,5029,5018,5007)
(10383,55,5042,5031,5025,5024,5018,5007,5001)
(10384,372,5028,5017,5006)
(10385,2,5031,5042,5053)
(10386,51,5011,5012,5018,5029,5040,5051,5057)
(10387,259,5039,5028,5017,5006)
(10388,260,5053,5042,5031,5025,5024,5018,5012,5011,5005)
(10389,261,5029,5018,5007)
(10390,262,5009,5015,5021,5032,5043)
(10391,374,5014,5013,5018,5029,5040,5051)
(10392,375,5057,5051,5040,5029)
(10393,264,5005,5016,5027)
(10394,47,5031,5025,5024,5018,5007)
(10395,46,5049,5038,5033,5034,5029,5018,5013)
(10396,376,5045,5044,5038,5027,5016)
(10397,265,5003,5009,5020,5031)
(10398,43,5015,5020,5031,5042,5053)
(10399,378,5005,5011,5012,5018,5024,5025,5026,5032)
(10400,41,5002,5007,5018,5029,5035,5041)
(10401,267,5032,5021,5010)
(10402,268,5027,5038,5044,5045,5051)
(10403,37,5027,5038,5049)
(10404,270,5030,5041,5052)
(10405,380,5032,5043,5054)
(10406,271,5040,5029,5024,5025,5026,5021,5010)
(10407,133,5007,5018,5029,5040,5051,5057)
(10408,363,5029,5018,5007)
(10409,283,5021,5032,5043,5054)
(10410,136,5027,5038,5049)
(10411,269,5043,5032,5026,5020,5009)
(10412,192,5006,5012,5018,5024,5025,5026,5032)
(10413,408,5027,5016,5005)
(10414,200,5027,5038,5044,5045,5051,5057,5058,5059)
(10415,266,5049,5038,5027,5016)
(10416,406,5005,5011,5012,5018,5029,5040)
(10417,299,5051,5045,5039,5028)
(10418,186,5009,5020,5025,5024,5029,5040)
(10419,298,5038,5027,5016,5005)
(10420,185,5045,5044,5038,5027,5016,5005)
(10421,184,5027,5038,5044,5050)
(10422,263,5028,5039,5050)
(10423,201,5010,5015,5020,5031,5042)
(10424,295,5051,5045,5039,5028)
(10425,209,5049,5038,5027)
(10426,407,5021,5032,5043)
(10427,207,5007,5018,5024,5025,5026,5032,5043)
(10428,300,5038,5033,5034,5029,5018,5007,5002)
(10429,208,5005,5011,5012,5018,5029)
(10430,394,5053,5042,5031,5025,5024,5018,5012)
(10431,257,5021,5032,5043)
(10432,256,5040,5029,5018,5007,5002,5003)
(10433,255,5029,5018,5007,5001)
(10434,253,5018,5029,5040)
(10435,182,5005,5016,5027,5038,5049,5055)
(10436,252,5018,5024,5025,5026,5032,5043)
(10437,249,5009,5020,5025,5024,5029,5040)
(10438,248,5059,5053,5042,5031,5025,5024,5023,5022)
(10439,140,5009,5020,5031,5042)
(10440,316,5010,5015,5020,5031,5042,5053)
(10441,317,5049,5038,5033,5034,5029,5018,5007)
(10442,303,5051,5045,5039,5028)
(10443,300,5031,5042,5053)
(10444,149,5028,5017,5011,5005)
(10445,293,5002,5007,5018,5029,5035)
(10446,292,5038,5033,5034,5029,5018,5007,5002,5003)
(10447,160,5012,5018,5029,5040)
(10448,323,5009,5020,5025,5024,5029,5034,5039,5050)
(10449,161,5029,5040,5051,5057)
(10450,285,5030,5024,5018,5007)
(10451,326,5011,5016,5027,5038,5049)
(10452,164,5013,5018,5029,5040,5051,5056)
(10453,282,5038,5027,5016,5005)
(10454,316,5031,5025,5024,5018,5007)
(10455,314,5019,5025,5031,5042,5053)
(10456,281,5016,5027,5038)
(10457,167,5032,5043,5054)
(10458,280,5028,5039,5050)
(10459,279,5006,5012,5018,5029,5040,5051,5057)
(10460,278,5047,5042,5031,5020,5009,5004)
(10461,307,5027,5016,5005)
(10462,173,5043,5032,5026,5025,5024,5018)
(10463,308,5032,5021,5010)
(10464,244,5018,5029,5034,5033,5038,5049)
(10465,273,5024,5025,5031,5042,5053)
(10466,240,5011,5016,5027,5038,5049)
(10467,221,5051,5040,5029,5018)
(10468,165,5031,5020,5009)
(10469,311,5041,5030,5024,5018,5007)
(10470,311,5053,5042,5031,5025,5024,5018,5012)
(10471,215,5010,5021,5032,5043,5054)
(10472,213,5038,5033,5034,5029,5018,5007,5002,5003,5004)
(10473,301,5053,5042,5031,5026,5021,5010)
(10474,163,5049,5038,5027)
(10475,312,5047,5042,5031,5020,5009)
(10476,239,5002,5007,5018,5029,5034,5039,5050)
(10477,309,5032,5043,5054)
(10478,238,5011,5012,5018,5024,5025,5031,5042,5053)
(10479,237,5042,5031,5025,5024,5018,5012,5011,5005)
(10480,303,5027,5038,5044,5045,5051,5057,5058)
(10481,231,5015,5020,5025,5024,5029,5034,5033,5038,5049)
(10482,152,5014,5013,5018,5029,5040,5051)
(10483,327,5053,5042,5031,5025,5024,5023)
(10484,325,5003,5009,5020,5031,5042,5053)
(10485,228,5011,5012,5018,5024,5025,5031,5042,5053)
(10486,227,5032,5026,5025,5019,5008)
(10487,148,5018,5029,5034,5039,5050)
(10488,144,5028,5017,5011,5005)
(10489,143,5009,5020,5025,5024,5029,5040)
(10490,139,5054,5043,5032,5021)
(10491,218,5030,5024,5018,5007)
(10492,219,5003,5009,5015,5021,5032)
(10493,176,5051,5040,5029)
(10494,222,5031,5025,5024,5018,5012,5006)
(10495,206,5010,5015,5020,5025,5024,5029,5040,5051,5056)
(10496,210,5029,5018,5007)
(10497,405,5032,5043,5054)
(10498,212,5053,5042,5031)
(10499,234,5025,5031,5042,5053,5059)
(10500,202,5006,5012,5018,5024,5025,5026,5032,5043)
(10501,301,5029,5018,5007)
(10502,235,5045,5040,5029,5018,5007,5002)
(10503,188,5049,5038,5027,5016)
(10504,226,5043,5032,5026,5025,5019)
(10505,217,5043,5032,5021,5010)
(10506,194,5010,5021,5032,5043,5054)
(10507,197,5007,5018,5024,5025,5031)
(10508,396,5029,5040,5051)
(10509,198,5025,5031,5042,5053,5059)
(10510,96,5027,5016,5005)
(10511,399,5053,5042,5031,5025,5019,5008)
