#carID, StartTime, RoadID...
(10000,4,5029,5040,5051,5057,5058)
(10001,22,5030,5041,5052)
(10002,22,5016,5027,5038,5049)
(10003,23,5052,5041,5030,5019,5013,5012,5011)
(10004,23,5030,5019,5013,5012,5006)
(10005,23,5028,5017,5006)
(10006,139,5034,5028,5017,5006)
(10007,138,5031,5025,5019,5013,5012,5006)
(10008,137,5049,5038,5027,5016,5005)
(10009,136,5043,5032,5026,5025,5019,5013,5012)
(10010,135,5056,5050,5039,5028,5017,5006)
(10011,134,5029,5040,5051)
(10012,133,5034,5028,5017,5006)
(10013,132,5059,5054,5043,5032,5021)
(10014,22,5025,5026,5032,5043,5054)
(10015,131,5000,5006,5012,5013,5019,5030,5041)
(10016,129,5030,5019,5013,5012,5006,5000)
(10017,128,5018,5029,5040,5051,5056)
(10018,127,5027,5038,5049)
(10019,126,5029,5040,5051,5057,5058)
(10020,125,5046,5041,5030,5025,5020,5009)
(10021,124,5021,5032,5043,5054,5059)
(10022,123,5008,5019,5025,5026,5032,5043)
(10023,122,5034,5028,5017,5006)
(10024,121,5044,5045,5046,5041,5030,5025,5020,5009)
(10025,120,5058,5052,5041,5030)
(10026,119,5044,5038,5027,5016)
(10027,118,5032,5043,5054)
(10028,117,5008,5019,5025,5031,5042,5053)
(10029,130,5032,5043,5054)
(10030,21,5039,5028,5017,5006)
(10031,21,5056,5057,5052,5041,5030,5025,5020,5009)
(10032,21,5012,5013,5019,5030,5041,5052)
(10033,12,5057,5058,5059,5054,5043,5032,5021,5010)
(10034,12,5006,5012,5013,5019,5025,5031)
(10035,13,5005,5016,5027)
(10036,13,5011,5017,5028,5039,5050)
(10037,13,5027,5016,5005)
(10038,14,5059,5054,5043,5032,5021,5010)
(10039,14,5020,5026,5032,5043,5054)
(10040,14,5055,5056,5057,5058,5059,5054,5043,5032,5021,5010)
(10041,15,5030,5041,5052)
(10042,15,5055,5050,5039,5028,5017,5012)
(10043,15,5040,5029,5018)
(10044,15,5031,5025,5019,5013,5012,5006)
(10045,16,5006,5012,5013,5019,5025,5031,5042)
(10046,16,5030,5019,5013,5012,5006,5000)
(10047,16,5030,5041,5052)
(10048,17,5005,5016,5027,5038,5049)
(10049,17,5008,5019,5025,5031)
(10050,17,5024,5030,5041,5052)
(10051,18,5013,5019,5025,5026,5032,5043)
(10052,18,5028,5039,5050)
(10053,18,5013,5019,5025,5026,5032,5043)
(10054,18,5012,5013,5019,5030,5041,5052,5058)
(10055,19,5006,5012,5013,5019,5030)
(10056,19,5025,5031,5042,5053)
(10057,19,5055,5056,5057,5052,5041,5030,5019)
(10058,20,5032,5026,5025,5019,5008)
(10059,20,5008,5019,5025,5031,5042)
(10060,20,5028,5039,5050,5056,5057,5058,5059)
(10061,21,5021,5032,5043,5054,5059,5058)
(10062,116,5008,5019,5030)
(10063,115,5027,5038,5044,5050,5056)
(10064,114,5031,5025,5019,5013,5012,5006,5000)
(10065,73,5007,5012,5017,5028,5039,5050,5055)
(10066,69,5058,5052,5041,5030,5019,5013,5012,5011)
(10067,66,5032,5043,5054)
(10068,64,5010,5021,5032,5043,5054,5059,5058,5057)
(10069,62,5018,5029,5040,5051,5056)
(10070,59,5025,5026,5032,5043,5054)
(10071,57,5058,5052,5041,5030)
(10072,55,5052,5041,5030,5019,5013,5012,5006)
(10073,52,5031,5025,5019,5013,5012,5006)
(10074,50,5056,5050,5039,5028)
(10075,48,5031,5042,5053,5059)
(10076,46,5056,5050,5039,5028,5017,5006)
(10077,43,5007,5018,5029,5040)
(10078,41,5007,5012,5017,5028,5039,5050)
(10079,71,5024,5030,5041,5052)
(10080,39,5032,5026,5025,5019,5013,5012,5006)
(10081,34,5018,5029,5040,5046)
(10082,32,5040,5029,5018,5012,5006,5000)
(10083,29,5054,5043,5032,5021,5010)
(10084,27,5019,5025,5026,5032,5043)
(10085,25,5058,5059,5054,5043,5032,5021)
(10086,23,5044,5045,5040,5029,5018,5007)
(10087,20,5034,5033,5027,5016,5005)
(10088,18,5032,5043,5054)
(10089,16,5030,5019,5013,5007)
(10090,13,5008,5019,5025,5031)
(10091,11,5053,5042,5031,5020,5009)
(10092,9,5040,5029,5018,5012,5011)
(10093,6,5027,5016,5005)
(10094,36,5030,5019,5008)
(10095,75,5032,5021,5010)
(10096,98,5057,5056,5050,5039,5028)
(10097,78,5028,5039,5050,5056,5057,5058)
(10098,112,5021,5032,5043)
(10099,111,5054,5043,5032,5021)
(10100,110,5028,5039,5050)
(10101,109,5017,5028,5039,5050,5055)
(10102,108,5028,5017,5006)
(10103,107,5000,5006,5017,5028,5039,5050,5056,5057,5058,5059)
(10104,106,5018,5029,5040,5051)
(10105,105,5025,5026,5032,5043,5054)
(10106,104,5044,5038,5027,5016)
(10107,103,5009,5020,5031,5042,5053,5058,5057)
(10108,102,5038,5027,5016)
(10109,101,5028,5039,5050)
(10110,100,5020,5026,5032,5043)
(10111,113,5056,5057,5052,5041,5030,5019)
(10112,99,5031,5042,5053,5059)
(10113,97,5044,5045,5046,5041,5030,5025,5020,5009)
(10114,96,5011,5012,5013,5019,5025,5026,5032,5043)
(10115,95,5006,5017,5028,5039)
(10116,94,5041,5030,5019,5013,5012,5006)
(10117,93,5028,5039,5050,5056)
(10118,92,5011,5017,5028,5039)
(10119,91,5044,5038,5027,5016,5005)
(10120,90,5028,5017,5006)
(10121,89,5056,5050,5044,5038,5027,5016)
(10122,87,5017,5028,5039,5050,5055)
(10123,85,5053,5042,5031,5020)
(10124,82,5041,5030,5025,5020,5009)
(10125,80,5019,5030,5041,5052,5058)
(10126,12,5009,5020,5031,5042,5053)
(10127,12,5028,5017,5006)
