#carID, StartTime, RoadID...
(10000,1483,5039,5028,5017,5006)
(10001,1625,5023,5029,5040,5051)
(10002,1626,5048,5047,5041,5030,5019,5013,5012)
(10003,1627,5030,5041,5052)
(10004,1628,5018,5029,5040,5051)
(10005,1629,5007,5018,5029,5040)
(10006,1630,5007,5018,5029,5040,5051,5056,5055)
(10007,851,5008,5019,5030,5041,5052,5057,5056)
(10008,1631,5032,5043,5054)
(10009,861,5021,5032,5043,5054,5059)
(10010,841,5058,5052,5041,5030,5019,5013,5012)
(10011,849,5029,5040,5051)
(10012,894,5054,5048,5047,5041,5030,5024,5023)
(10013,1632,5050,5039,5028)
(10014,713,5029,5040,5051,5057)
(10015,735,5006,5012,5013,5019,5030)
(10016,1633,5030,5041,5052,5058)
(10017,1633,5052,5041,5030,5019,5013,5012,5011)
(10018,742,5027,5016,5005)
(10019,1634,5020,5025,5030,5041,5052,5057,5056)
(10020,790,5051,5040,5029,5018,5012,5006)
(10021,794,5020,5025,5030,5041,5052,5057)
(10022,795,5049,5038,5027,5016,5005)
(10023,1635,5029,5018,5007)
(10024,736,5028,5017,5011,5005)
(10025,1636,5007,5012,5017,5028,5039)
(10026,1637,5030,5041,5047,5048,5054)
(10027,828,5029,5040,5051,5057,5058)
(10028,806,5041,5030,5019,5013,5012,5006)
(10029,812,5038,5027,5016,5005)
(10030,814,5048,5047,5041,5030,5019,5013,5012,5006)
(10031,747,5025,5030,5041,5052,5058)
(10032,726,5028,5017,5011,5005)
(10033,1638,5020,5025,5030,5041,5052,5058)
(10034,727,5030,5041,5052)
(10035,1035,5057,5052,5041,5030,5025,5020)
(10036,730,5055,5056,5051,5040,5029,5018)
(10037,1639,5044,5045,5046,5041,5030,5025,5020,5009)
(10038,1640,5054,5048,5047,5041,5030)
(10039,1641,5030,5041,5047,5048,5054)
(10040,1642,5030,5019,5008,5002)
(10041,1643,5011,5012,5013,5019,5030,5041,5052)
(10042,1041,5030,5019,5013,5012,5006)
(10043,1069,5022,5023,5029,5040,5051,5057,5058)
(10044,1074,5055,5056,5057,5052,5041,5030,5019,5008)
(10045,1082,5056,5051,5040,5029,5018,5007)
(10046,1045,5005,5016,5027,5038)
(10047,1056,5052,5041,5030,5025,5020,5009,5004)
(10048,1644,5027,5016,5005)
(10049,1644,5041,5030,5019,5008,5002)
(10050,933,5041,5030,5019,5013,5012,5011,5005)
(10051,935,5023,5024,5030,5041,5047,5048,5054)
(10052,937,5046,5041,5030,5025,5020,5009)
(10053,1645,5019,5030,5041,5052,5057,5056,5055)
(10054,1646,5008,5019,5030,5041,5052,5057,5056,5055)
(10055,714,5031,5020,5014,5008)
(10056,716,5021,5032,5043,5048,5047,5052,5057,5056,5055)
(10057,919,5032,5026,5020,5014,5008,5002)
(10058,717,5007,5018,5029,5040,5051,5056,5055)
(10059,720,5008,5014,5020,5031)
(10060,925,5029,5018,5007)
(10061,721,5039,5028,5017,5006)
(10062,953,5058,5052,5041,5030)
(10063,1647,5043,5032,5021)
(10064,722,5021,5032,5043)
(10065,724,5045,5046,5041,5030,5025,5020,5009)
(10066,980,5002,5008,5019,5030,5041,5052,5058)
(10067,1648,5032,5043,5054)
(10068,757,5018,5029,5040)
(10069,1649,5005,5011,5017,5028,5039,5050)
(10070,1624,5057,5051,5040,5029)
(10071,993,5022,5023,5029,5040,5051,5057)
(10072,994,5019,5030,5041)
(10073,1623,5029,5023,5017,5006)
(10074,752,5054,5043,5032,5026,5020)
(10075,749,5019,5030,5041,5052,5058)
(10076,755,5021,5032,5043,5048,5047,5052,5057,5056)
(10077,728,5054,5048,5047,5041,5030,5019,5008,5002)
(10078,972,5004,5009,5020,5025,5030,5041,5052)
(10079,702,5031,5020,5014,5013,5012,5006)
(10080,970,5022,5023,5029,5040,5051)
(10081,619,5021,5032,5043,5054,5059)
(10082,595,5027,5016,5005)
(10083,594,5007,5018,5029,5040,5051)
(10084,965,5028,5017,5011,5005)
(10085,1622,5006,5012,5013,5019,5030,5041,5047)
(10086,593,5030,5041,5052)
(10087,1609,5048,5047,5041,5030,5019,5013,5012,5011,5005)
(10088,592,5032,5021,5010)
(10089,958,5027,5016,5005)
(10090,590,5006,5012,5013,5019,5030)
(10091,957,5041,5030,5019,5008,5002)
(10092,1598,5002,5008,5019,5030,5041)
(10093,589,5029,5040,5051,5057)
(10094,596,5022,5023,5029,5040,5051,5057)
(10095,1599,5023,5029,5040,5051,5057)
(10096,588,5022,5023,5024,5030,5041,5047,5048,5054)
(10097,586,5006,5017,5028,5039)
(10098,585,5023,5029,5040,5051,5057)
(10099,582,5027,5016,5005)
(10100,987,5058,5052,5041,5030,5019,5013,5012)
(10101,995,5025,5030,5041,5052,5058)
(10102,1599,5005,5011,5012,5013,5019,5030,5041,5052)
(10103,599,5054,5048,5047,5041,5030,5019,5013,5012,5011,5005)
(10104,981,5025,5030,5041,5052,5058)
(10105,608,5025,5030,5041,5052,5058)
(10106,600,5047,5041,5030,5025,5020)
(10107,1600,5058,5052,5041,5030,5025,5020)
(10108,613,5024,5030,5041,5047,5048,5054)
(10109,952,5052,5041,5030,5025,5020,5009)
(10110,609,5024,5030,5041,5047,5048,5054)
(10111,924,5056,5057,5052,5041,5030,5019,5008)
(10112,923,5044,5045,5046,5041,5030,5019,5008)
(10113,607,5052,5041,5030,5019,5013,5012,5011)
(10114,922,5019,5030,5041,5052,5057,5056,5055)
(10115,606,5038,5033,5028,5017,5012,5007)
(10116,1601,5007,5018,5029,5040,5051,5056,5055)
(10117,1602,5017,5028,5039,5050)
(10118,916,5004,5009,5020,5025,5030,5041,5052,5057,5056)
(10119,915,5027,5038,5049)
(10120,913,5038,5033,5028,5017,5006)
(10121,931,5020,5026,5032,5043)
(10122,1603,5048,5047,5041,5030,5019,5008,5002)
(10123,1604,5020,5025,5030,5041,5052,5057,5056,5055)
(10124,1605,5005,5011,5012,5013,5014,5020,5031)
(10125,944,5046,5041,5030,5025,5020,5009,5004)
(10126,1606,5057,5051,5040,5029,5023)
(10127,1607,5007,5018,5029,5040)
(10128,1608,5026,5032,5043,5054)
(10129,551,5007,5018,5029)
(10130,938,5028,5039,5050)
(10131,1610,5041,5030,5019,5013,5012,5011,5005)
(10132,1622,5011,5012,5013,5019,5030,5041)
(10133,1610,5020,5025,5030,5041,5052,5058)
(10134,548,5046,5041,5030,5025,5020,5009,5004)
(10135,1611,5029,5018,5007)
(10136,996,5029,5023,5017,5006)
(10137,546,5007,5018,5029)
(10138,998,5018,5029,5040)
(10139,543,5038,5027,5016)
(10140,540,5032,5043,5054)
(10141,1612,5009,5020,5025,5030,5041,5047)
(10142,1613,5008,5019,5030,5041,5047,5048)
(10143,1047,5043,5032,5026,5020,5009)
(10144,538,5050,5039,5028,5017,5011)
(10145,537,5021,5032,5043,5048,5047,5052,5057)
(10146,1614,5056,5057,5052,5041,5030,5025,5020,5009)
(10147,554,5006,5012,5013,5014,5020,5026,5032)
(10148,1081,5032,5043,5054)
(10149,574,5011,5012,5013,5019,5030,5041,5047)
(10150,1077,5030,5041,5047,5048,5054)
(10151,1076,5008,5019,5030)
(10152,573,5029,5018,5007)
(10153,1615,5011,5012,5013,5019,5030,5041,5047,5048)
(10154,1006,5002,5008,5014,5020,5031)
(10155,563,5029,5023,5017,5011,5005)
(10156,1616,5017,5028,5033,5038,5049)
(10157,562,5051,5040,5029,5018,5007)
(10158,1000,5043,5032,5026,5020)
(10159,559,5009,5020,5025,5030,5041,5046)
(10160,1020,5009,5020,5025,5030,5041,5052)
(10161,1037,5021,5032,5043,5048,5047,5052,5057,5056)
(10162,598,5019,5030,5041,5052,5057,5056)
(10163,1617,5047,5041,5030,5019,5013)
(10164,1618,5041,5030,5019)
(10165,620,5032,5026,5020,5014,5013,5012,5006)
(10166,1028,5028,5017,5011,5005)
(10167,1024,5027,5038,5044,5050)
(10168,621,5008,5019,5030,5041,5052,5057,5056,5055)
(10169,678,5026,5032,5043,5054)
(10170,677,5019,5030,5041,5052,5057)
(10171,675,5008,5019,5030,5041,5052,5058)
(10172,1619,5052,5041,5030,5025,5020)
(10173,1620,5055,5056,5057,5052,5041,5030,5025,5020,5009)
(10174,807,5052,5041,5030,5019,5013,5012,5006)
(10175,1621,5019,5030,5041,5052,5057)
(10176,670,5043,5032,5026,5020,5009)
(10177,669,5032,5026,5020,5014,5013,5012,5006)
(10178,667,5006,5012,5013,5019,5030,5041)
(10179,827,5039,5028,5017,5011)
(10180,1650,5023,5029,5040,5051)
(10181,1651,5032,5043,5054)
(10182,665,5008,5019,5030,5041,5047,5048,5054)
(10183,1652,5025,5030,5041,5052,5058)
(10184,797,5028,5017,5011,5005)
(10185,683,5021,5032,5043)
(10186,684,5007,5018,5029,5040,5051)
(10187,770,5052,5041,5030,5019,5013,5012,5006)
(10188,1653,5019,5030,5041,5052,5057,5056,5055)
(10189,1682,5005,5011,5012,5013,5019,5030,5041,5047,5048,5054)
(10190,1683,5002,5008,5019,5030,5041,5052)
(10191,763,5029,5040,5051)
(10192,761,5007,5018,5029,5040)
(10193,1684,5047,5041,5030,5019,5013)
(10194,1685,5054,5043,5032,5021,5010)
(10195,793,5016,5027,5038)
(10196,699,5011,5012,5013,5019,5030,5041,5047,5048)
(10197,784,5018,5029,5040,5051,5056,5055)
(10198,1686,5058,5052,5041,5030,5019,5008)
(10199,781,5054,5043,5032,5026)
(10200,695,5009,5020,5026,5032,5043)
(10201,694,5056,5051,5040,5029,5018)
(10202,833,5030,5019,5013,5012,5006)
(10203,884,5016,5027,5038)
(10204,691,5020,5025,5030,5041,5052,5057,5056)
(10205,1687,5030,5019,5008,5002)
(10206,878,5005,5011,5012,5013,5019,5030)
(10207,689,5054,5043,5032,5026,5020)
(10208,1688,5028,5039,5050)
(10209,1689,5029,5040,5051)
(10210,1689,5007,5012,5017,5028,5033,5038)
(10211,688,5043,5032,5021,5010)
(10212,1690,5008,5019,5030,5041,5046)
(10213,1691,5012,5013,5019,5030,5041)
(10214,662,5055,5056,5057,5052,5041,5030,5019)
(10215,896,5008,5019,5030,5041,5052,5057,5056)
(10216,650,5029,5040,5051,5057)
(10217,638,5002,5008,5019,5030)
(10218,636,5029,5023,5017,5006)
(10219,635,5008,5019,5030,5041,5052,5057,5056,5055)
(10220,1692,5051,5040,5029,5018,5012,5006)
(10221,634,5032,5043,5054)
(10222,844,5030,5019,5008)
(10223,631,5029,5040,5051,5057,5058)
(10224,629,5029,5018,5007)
(10225,1693,5032,5043,5054)
(10226,1694,5041,5030,5019,5013,5012)
(10227,627,5023,5024,5030,5041,5047,5048,5054)
(10228,625,5029,5040,5051)
(10229,865,5049,5038,5027,5016,5005)
(10230,859,5041,5030,5019,5008,5002)
(10231,1695,5039,5028,5017,5011,5005)
(10232,640,5006,5012,5013,5014,5020,5031)
(10233,1696,5013,5019,5030,5041,5047,5048)
(10234,1697,5048,5047,5041,5030,5019,5013,5012,5011,5005)
(10235,847,5020,5025,5030,5041,5052,5057,5056,5055)
(10236,848,5029,5023,5017,5006)
(10237,1698,5025,5030,5041,5052,5058)
(10238,655,5030,5019,5008,5002)
(10239,653,5011,5012,5018,5029,5040,5051)
(10240,1699,5056,5057,5052,5041,5030,5025,5020,5009,5004)
(10241,789,5011,5012,5013,5019,5030,5041,5047,5048)
(10242,648,5006,5012,5013,5019,5030,5041,5047)
(10243,821,5040,5029,5023,5017)
(10244,1700,5058,5052,5041,5030,5025,5020,5009)
(10245,800,5006,5012,5013,5019,5030,5041,5047,5048)
(10246,808,5056,5050,5044,5038,5027)
(10247,1060,5013,5019,5030,5041,5047)
(10248,1701,5027,5038,5044,5050)
(10249,1701,5041,5030,5025,5020,5009)
(10250,1086,5055,5056,5057,5052,5041,5030,5025,5020)
(10251,1702,5030,5041,5052)
(10252,1392,5056,5057,5052,5041,5030,5019)
(10253,1703,5028,5017,5006)
(10254,536,5002,5008,5019,5030)
(10255,646,5047,5041,5030,5019,5013,5012,5006)
(10256,1704,5040,5029,5023,5017)
(10257,1405,5046,5041,5030,5025,5020,5009,5004)
(10258,649,5027,5038,5044,5050)
(10259,1384,5023,5029,5040,5051,5057,5058)
(10260,1705,5039,5028,5017)
(10261,1706,5023,5024,5030,5041,5047,5048,5054)
(10262,654,5020,5025,5030,5041,5052)
(10263,1681,5017,5028,5039)
(10264,1432,5050,5039,5028)
(10265,657,5025,5030,5041,5052,5058)
(10266,1707,5027,5016,5005)
(10267,1412,5032,5043,5054)
(10268,1411,5002,5008,5014,5020,5031)
(10269,642,5029,5023,5017,5006)
(10270,641,5030,5041,5047,5048,5054)
(10271,1680,5040,5029,5023,5017)
(10272,1678,5030,5041,5052)
(10273,622,5006,5012,5013,5019,5030,5041,5052)
(10274,623,5057,5052,5041,5030,5019,5008)
(10275,1654,5006,5012,5018,5029)
(10276,1360,5055,5056,5051,5040,5029,5018)
(10277,626,5005,5011,5017,5028,5039)
(10278,1361,5028,5017,5011,5005)
(10279,1365,5032,5043,5054)
(10280,1655,5010,5021,5032,5043,5054)
(10281,630,5020,5025,5030,5041,5052,5058)
(10282,632,5020,5025,5030,5041,5052,5057)
(10283,1655,5041,5030,5019,5008,5002)
(10284,1349,5041,5030,5019,5008,5002)
(10285,1656,5023,5029,5040,5051)
(10286,1657,5020,5025,5030,5041,5052,5057)
(10287,1658,5008,5019,5030,5041,5052)
(10288,1303,5029,5018,5007)
(10289,1659,5027,5016,5005)
(10290,1395,5021,5032,5043,5048,5047,5052,5057)
(10291,661,5039,5028,5017)
(10292,1401,5032,5043,5054)
(10293,663,5047,5041,5030,5019,5013,5012,5011,5005)
(10294,685,5041,5030,5019,5013,5012,5006)
(10295,687,5030,5041,5052)
(10296,1421,5022,5023,5024,5030,5041,5047,5048,5054)
(10297,690,5022,5023,5024,5030,5041,5047,5048,5054)
(10298,1660,5051,5040,5029,5018,5012)
(10299,1325,5004,5009,5020,5025,5030,5041,5046,5045,5044)
(10300,1327,5045,5040,5029,5018,5007)
(10301,1661,5019,5030,5041,5047,5048)
(10302,1310,5039,5028,5017,5011)
(10303,1313,5029,5018,5007)
(10304,693,5030,5019,5008,5002)
(10305,701,5038,5027,5016)
(10306,1336,5052,5047,5048,5043,5032,5021)
(10307,1662,5022,5023,5029,5040,5051,5057,5058)
(10308,1663,5027,5038,5044,5050)
(10309,1664,5040,5029,5018)
(10310,697,5032,5026,5020,5014,5013,5012,5006)
(10311,1665,5028,5039,5050)
(10312,1340,5008,5019,5030,5041,5052,5057)
(10313,1350,5004,5009,5020,5025,5030,5041,5046,5045,5044)
(10314,1351,5031,5020,5009)
(10315,1666,5032,5026,5020,5009)
(10316,1667,5005,5011,5012,5018,5029,5040,5051)
(10317,1667,5028,5017,5006)
(10318,1358,5021,5032,5043,5048,5047,5052)
(10319,692,5006,5012,5013,5019,5030,5041,5047,5048)
(10320,1668,5054,5048,5047,5041,5030,5019,5008)
(10321,1669,5006,5012,5013,5019,5030,5041,5047)
(10322,1301,5031,5020,5009)
(10323,1299,5057,5052,5041,5030,5025,5020,5009)
(10324,1670,5045,5040,5029,5018,5007)
(10325,1671,5009,5020,5025,5030,5041,5046)
(10326,668,5006,5017,5028,5039)
(10327,1324,5049,5038,5027,5016)
(10328,1330,5027,5016,5005)
(10329,671,5032,5026,5020,5014,5008)
(10330,673,5057,5052,5041,5030,5025,5020,5009,5004)
(10331,1672,5056,5057,5052,5041,5030,5019)
(10332,676,5006,5012,5018,5029,5040)
(10333,1418,5019,5030,5041,5052)
(10334,1673,5045,5040,5029,5018,5007)
(10335,679,5043,5032,5026,5020,5009)
(10336,680,5029,5023,5017,5011,5005)
(10337,1434,5022,5023,5024,5030,5041,5047,5048,5054)
(10338,682,5025,5030,5041,5052,5058)
(10339,1431,5056,5057,5052,5041,5030,5025,5020,5009)
(10340,1427,5020,5025,5030,5041,5047)
(10341,1674,5011,5012,5018,5029,5040)
(10342,1675,5038,5033,5028,5017,5006)
(10343,557,5022,5023,5024,5030,5041,5047,5048,5054)
(10344,1676,5005,5011,5012,5013,5019,5030,5041)
(10345,560,5028,5017,5006)
(10346,561,5006,5012,5013,5019,5030,5041)
(10347,1394,5058,5052,5041,5030,5019,5013)
(10348,1391,5031,5020,5014,5008,5002)
(10349,564,5047,5041,5030,5019,5013,5012,5006)
(10350,1677,5045,5040,5029,5018,5007)
(10351,1295,5011,5012,5018,5029,5040,5051)
(10352,566,5029,5040,5051,5057,5058)
(10353,575,5032,5026,5020,5014,5008)
(10354,567,5008,5019,5030,5041,5047,5048,5054)
(10355,568,5045,5040,5029,5018,5007)
(10356,569,5054,5048,5047,5041,5030,5019,5013)
(10357,570,5027,5038,5044,5050)
(10358,572,5030,5019,5013,5012,5011,5005)
(10359,1150,5007,5018,5029)
(10360,1678,5030,5019,5008)
(10361,1147,5005,5016,5027)
(10362,556,5043,5032,5021,5010)
(10363,1142,5027,5016,5005)
(10364,555,5048,5047,5041,5030,5019)
(10365,539,5047,5041,5030,5019,5013,5012)
(10366,1597,5016,5027,5038)
(10367,1183,5057,5052,5041,5030,5025,5020,5009,5004)
(10368,541,5028,5039,5050)
(10369,542,5051,5040,5029,5018,5007)
(10370,1679,5029,5040,5051,5057,5058)
(10371,550,5050,5039,5028)
(10372,1171,5030,5019,5013,5012,5011,5005)
(10373,1170,5027,5038,5049)
(10374,1596,5055,5056,5057,5052,5041,5030,5019,5008)
(10375,1165,5045,5046,5041,5030,5025,5020,5009,5004)
(10376,1566,5054,5048,5047,5041,5030)
(10377,565,5029,5018,5007)
(10378,1137,5004,5009,5020,5025,5030,5041,5052)
(10379,1512,5026,5032,5043,5054)
(10380,1513,5024,5030,5041,5047,5048,5054)
(10381,577,5008,5019,5030,5041,5046)
(10382,1105,5008,5019,5030,5041,5052,5057,5056)
(10383,578,5040,5029,5023,5017,5011,5005)
(10384,1102,5020,5025,5030,5041,5047)
(10385,1099,5009,5020,5025,5030,5041)
(10386,1514,5008,5014,5020,5026,5032)
(10387,603,5019,5030,5041,5052,5057,5056,5055)
(10388,1515,5049,5038,5033,5028,5017)
(10389,1516,5030,5041,5052)
(10390,1517,5040,5029,5018,5007)
(10391,1093,5058,5052,5041,5030,5019,5013,5012,5006)
(10392,1518,5006,5012,5013,5014,5020,5026,5032)
(10393,1090,5029,5018,5007)
(10394,610,5008,5019,5030,5041,5052,5057)
(10395,1519,5023,5029,5040,5051,5057,5058)
(10396,1520,5058,5052,5041,5030,5019,5013,5012)
(10397,1088,5020,5026,5032,5043,5054)
(10398,614,5009,5020,5025,5030,5041,5047)
(10399,615,5018,5029,5040,5051,5056)
(10400,1520,5032,5026,5020,5014,5013,5012,5011,5005)
(10401,617,5020,5025,5030,5041,5052,5057,5056,5055)
(10402,1097,5028,5017,5006)
(10403,1111,5005,5011,5012,5013,5019,5030,5041,5052,5058)
(10404,587,5030,5019,5013,5012,5011,5005)
(10405,579,5024,5030,5041,5047,5048,5054)
(10406,580,5012,5013,5019,5030,5041,5052,5058)
(10407,1133,5032,5026,5020,5014,5013,5012,5011,5005)
(10408,1521,5007,5018,5029,5040,5051)
(10409,583,5031,5020,5014,5013,5012,5006)
(10410,1127,5048,5047,5041,5030,5019,5013)
(10411,1119,5023,5029,5040,5051)
(10412,591,5028,5017,5006)
(10413,1522,5023,5029,5040,5051,5057)
(10414,1118,5058,5052,5041,5030,5019,5013,5012,5011)
(10415,1523,5058,5052,5041,5030,5019,5013,5012,5011,5005)
(10416,1188,5028,5017,5006)
(10417,1189,5022,5023,5024,5030,5041,5047,5048,5054)
(10418,1266,5020,5025,5030,5041,5052,5057,5056,5055)
(10419,1265,5056,5057,5052,5047,5048,5043,5032,5021)
(10420,1262,5048,5047,5041,5030,5019,5013,5012,5011)
(10421,1524,5025,5030,5041,5052,5058)
(10422,1525,5055,5056,5057,5052,5047,5048,5043,5032,5021)
(10423,750,5017,5023,5029,5040)
(10424,1526,5012,5013,5019,5030,5041,5052)
(10425,1257,5045,5046,5041,5030,5025,5020,5009)
(10426,1527,5052,5041,5030,5019,5013)
(10427,1528,5022,5023,5029,5040,5051)
(10428,1529,5032,5043,5054)
(10429,1530,5052,5041,5030,5019)
(10430,1251,5055,5056,5057,5052,5041,5030,5019)
(10431,1531,5050,5039,5028,5017,5011)
(10432,1249,5047,5041,5030,5019,5013,5012)
(10433,1268,5056,5057,5052,5041,5030,5025,5020,5009)
(10434,1293,5027,5038,5049)
(10435,719,5030,5041,5047,5048,5054)
(10436,1289,5030,5041,5052)
(10437,708,5057,5056,5050,5044,5038,5027)
(10438,706,5008,5014,5020,5026,5032)
(10439,1285,5013,5019,5030,5041,5047,5048)
(10440,1284,5051,5040,5029,5018,5012,5011)
(10441,743,5049,5038,5027,5016)
(10442,1531,5029,5018,5007)
(10443,1532,5030,5019,5013,5012,5006)
(10444,1533,5055,5056,5057,5052,5047,5048,5043,5032,5021)
(10445,738,5006,5012,5018,5029,5040)
(10446,1273,5030,5041,5052)
(10447,1244,5057,5052,5041,5030,5025,5020,5009)
(10448,1534,5013,5019,5030,5041)
(10449,1535,5048,5047,5041,5030,5019,5013,5012)
(10450,1210,5006,5012,5013,5019,5030,5041)
(10451,1208,5023,5029,5040,5051,5057,5058)
(10452,1536,5005,5011,5012,5018,5029)
(10453,729,5055,5056,5057,5052,5041,5030,5025,5020,5009)
(10454,1511,5025,5030,5041,5052,5058)
(10455,732,5006,5017,5028,5033,5038,5049)
(10456,1510,5030,5041,5052,5058)
(10457,1214,5051,5040,5029,5018,5012,5011,5005)
(10458,1509,5022,5023,5029,5040,5051,5057,5058)
(10459,1200,5021,5032,5043,5054)
(10460,737,5019,5030,5041,5052,5057)
(10461,1199,5005,5011,5012,5018,5029,5040,5051)
(10462,1496,5058,5052,5041,5030,5019,5013,5012,5006)
(10463,1198,5021,5032,5043,5048,5047,5052)
(10464,739,5027,5016,5005)
(10465,1485,5047,5041,5030,5019,5013,5012,5011,5005)
(10466,1486,5021,5032,5043,5054,5059)
(10467,1195,5002,5008,5019,5030,5041,5052,5058)
(10468,1486,5019,5030,5041)
(10469,1487,5055,5056,5057,5052,5041,5030,5019,5008)
(10470,1216,5038,5033,5028,5017,5006)
(10471,1488,5005,5011,5012,5013,5019,5030,5041,5047,5048,5054)
(10472,709,5029,5040,5051,5057)
(10473,710,5006,5012,5013,5019,5030,5041,5052)
(10474,1489,5040,5029,5023,5017,5011)
(10475,1490,5031,5020,5014,5008)
(10476,1238,5004,5009,5020,5025,5030,5041,5046,5045)
(10477,1491,5046,5041,5030,5025,5020,5009)
(10478,718,5050,5039,5028,5017,5011,5005)
(10479,1492,5047,5041,5030,5019)
(10480,1234,5026,5032,5043,5054)
(10481,1493,5011,5012,5013,5019,5030,5041)
(10482,1494,5017,5028,5039,5050)
(10483,1230,5048,5047,5041,5030,5019)
(10484,1227,5049,5038,5027)
(10485,758,5020,5025,5030,5041,5052,5058)
(10486,1225,5020,5025,5030,5041,5052,5057)
(10487,753,5002,5008,5019,5030,5041,5052,5058)
(10488,1224,5013,5019,5030,5041,5047,5048)
(10489,1495,5027,5016,5005)
(10490,1222,5043,5032,5026,5020,5009)
(10491,1221,5046,5041,5030,5019,5008)
(10492,1219,5008,5019,5030,5041,5052,5058)
(10493,645,5023,5029,5040,5051,5057,5058)
(10494,1085,5007,5018,5029,5040)
(10495,1218,5012,5013,5019,5030,5041,5047,5048)
(10496,534,5041,5030,5019,5008,5002)
(10497,1220,5032,5043,5054)
(10498,267,5020,5025,5030,5041,5052,5057,5056,5055)
(10499,169,5008,5019,5030,5041,5052,5058)
(10500,170,5009,5020,5025,5030,5041,5052,5057,5056,5055)
(10501,1223,5002,5008,5019,5030,5041)
(10502,1497,5052,5041,5030,5019,5013,5012,5011,5005)
(10503,1509,5020,5026,5032,5043,5054)
(10504,173,5026,5032,5043,5054)
(10505,174,5011,5012,5013,5019,5030,5041)
(10506,175,5054,5048,5047,5041,5030,5024,5023)
(10507,1497,5031,5020,5014,5013,5012,5006)
(10508,1498,5056,5051,5040,5029,5018,5007)
(10509,1499,5006,5012,5013,5019,5030,5041,5047,5048,5054)
(10510,1228,5032,5026,5020,5014,5008)
(10511,1500,5048,5047,5041,5030,5019,5013,5012,5011,5005)
(10512,177,5007,5018,5029,5040,5051)
(10513,1231,5047,5041,5030,5019,5013,5012,5011,5005)
(10514,178,5054,5048,5047,5041,5030,5019,5013)
(10515,179,5058,5052,5041,5030,5019,5013,5012,5011)
(10516,1233,5049,5038,5027)
(10517,180,5048,5043,5032,5021,5010)
(10518,1501,5056,5057,5052,5047,5048,5043,5032,5021)
(10519,181,5022,5023,5024,5030,5041,5047,5048,5054)
(10520,182,5010,5021,5032,5043,5054)
(10521,1237,5013,5019,5030,5041,5052)
(10522,183,5026,5032,5043,5054)
(10523,1502,5048,5047,5041,5030,5019,5013,5012)
(10524,185,5056,5057,5052,5047,5048,5043,5032,5021)
(10525,187,5055,5056,5057,5052,5041,5030,5025,5020,5009)
(10526,1239,5008,5019,5030)
(10527,188,5020,5026,5032,5043)
(10528,189,5008,5014,5020,5026,5032)
(10529,1503,5052,5041,5030,5025,5020,5009)
(10530,190,5051,5040,5029,5018,5012,5011)
(10531,1504,5017,5028,5039,5050)
(10532,191,5022,5023,5024,5030,5041,5047,5048,5054)
(10533,192,5028,5039,5050)
(10534,1215,5008,5019,5030,5041,5052,5058)
(10535,1505,5039,5028,5017,5011,5005)
(10536,1192,5016,5027,5038)
(10537,1193,5039,5028,5017,5011)
(10538,1506,5041,5030,5025,5020,5009,5004)
(10539,193,5032,5043,5054)
(10540,194,5028,5039,5050)
(10541,1507,5012,5013,5019,5030,5041,5052)
(10542,195,5020,5025,5030,5041,5052,5058)
(10543,196,5008,5019,5030,5041,5047)
(10544,1508,5030,5019,5008,5002)
(10545,1197,5020,5026,5032,5043)
(10546,197,5046,5041,5030,5019,5008)
(10547,1537,5002,5008,5019,5030,5041)
(10548,1538,5027,5038,5049)
(10549,167,5004,5009,5020,5025,5030,5041,5046)
(10550,165,5045,5046,5041,5030,5025,5020,5009)
(10551,136,5054,5048,5047,5041,5030,5019,5013,5012,5011,5005)
(10552,1539,5007,5012,5017,5028,5039)
(10553,1201,5023,5029,5040,5051)
(10554,137,5030,5019,5013,5012,5011,5005)
(10555,138,5005,5011,5017,5028,5039,5050)
(10556,1540,5051,5040,5029,5018,5012)
(10557,1204,5048,5047,5041,5030,5019,5013,5012,5011,5005)
(10558,139,5013,5019,5030,5041,5052)
(10559,1569,5044,5045,5046,5041,5030,5025,5020,5009)
(10560,141,5004,5009,5020,5025,5030,5041,5046)
(10561,142,5058,5052,5041,5030,5019,5013,5012,5011)
(10562,1570,5028,5017,5006)
(10563,1206,5006,5012,5013,5019,5030,5041,5047,5048,5054)
(10564,1571,5032,5043,5054)
(10565,1572,5039,5028,5017,5011)
(10566,1207,5030,5041,5047,5048,5054)
(10567,144,5020,5026,5032,5043,5054)
(10568,1209,5030,5019,5013,5012,5011,5005)
(10569,1573,5049,5038,5027)
(10570,145,5030,5019,5013,5012,5006)
(10571,1574,5046,5041,5030,5025,5020,5009)
(10572,1211,5041,5030,5019)
(10573,1575,5054,5043,5032,5026)
(10574,147,5017,5028,5033,5038,5049)
(10575,148,5027,5038,5049)
(10576,1212,5028,5039,5050)
(10577,1213,5030,5019,5013,5012,5006)
(10578,1241,5023,5029,5040,5051,5057)
(10579,1243,5027,5016,5005)
(10580,1576,5020,5026,5032,5043)
(10581,1576,5032,5043,5054)
(10582,1577,5031,5020,5014,5013,5012,5011,5005)
(10583,1271,5027,5016,5005)
(10584,1272,5006,5017,5028,5039)
(10585,150,5029,5040,5051,5057)
(10586,1578,5054,5048,5047,5041,5030,5019,5008)
(10587,1274,5029,5023,5017,5006)
(10588,1275,5030,5041,5052)
(10589,1579,5058,5052,5041,5030,5019,5013,5012,5006)
(10590,1276,5016,5027,5038)
(10591,153,5031,5020,5014,5013,5012,5006)
(10592,1277,5021,5032,5043,5048,5047,5052,5057,5056,5055)
(10593,1580,5012,5013,5019,5030,5041,5047,5048)
(10594,1279,5058,5052,5041,5030)
(10595,1581,5045,5046,5041,5030,5025,5020,5009,5004)
(10596,1582,5032,5043,5054)
(10597,1583,5019,5030,5041,5052,5057)
(10598,1281,5006,5012,5018,5029,5040)
(10599,155,5023,5029,5040,5051,5057,5058)
(10600,1584,5020,5025,5030,5041,5047)
(10601,1282,5029,5040,5051,5057,5058)
(10602,1585,5013,5019,5030,5041,5047,5048)
(10603,1586,5048,5047,5041,5030,5019,5013,5012)
(10604,156,5010,5021,5032,5043,5054)
(10605,1587,5041,5030,5019)
(10606,1286,5032,5043,5054)
(10607,1588,5040,5029,5023,5017,5006)
(10608,158,5006,5012,5013,5014,5020,5031)
(10609,1588,5032,5043,5054)
(10610,1287,5027,5016,5005)
(10611,1589,5021,5032,5043)
(10612,1288,5013,5019,5030,5041,5047,5048,5054)
(10613,161,5059,5054,5043,5032,5021)
(10614,1290,5009,5020,5025,5030,5041,5052,5057)
(10615,1291,5009,5020,5026,5032,5043,5054)
(10616,1292,5030,5019,5008)
(10617,162,5044,5045,5046,5041,5030,5019,5008)
(10618,163,5056,5057,5052,5041,5030,5025,5020,5009)
(10619,1270,5006,5017,5028,5033,5038)
(10620,1269,5029,5040,5051)
(10621,164,5040,5029,5023,5017,5011)
(10622,1590,5032,5043,5054)
(10623,1255,5029,5018,5007)
(10624,1591,5002,5008,5019,5030,5041,5052,5058)
(10625,1592,5032,5043,5054)
(10626,1247,5013,5019,5030,5041,5052)
(10627,1248,5057,5052,5041,5030,5025,5020,5009)
(10628,1593,5007,5012,5017,5028,5039)
(10629,1568,5041,5030,5019,5013,5012,5011,5005)
(10630,1594,5041,5030,5019,5008)
(10631,233,5021,5032,5043,5048,5047,5052,5057)
(10632,202,5012,5013,5019,5030,5041)
(10633,1252,5023,5024,5030,5041,5047,5048,5054)
(10634,1253,5011,5017,5028,5039)
(10635,236,5046,5041,5030,5025,5020,5009)
(10636,1254,5028,5017,5011,5005)
(10637,1567,5027,5038,5049)
(10638,1256,5058,5052,5041,5030,5019,5013,5012,5011)
(10639,1565,5041,5030,5019,5013,5012,5011,5005)
(10640,1267,5030,5019,5013,5012,5011,5005)
(10641,240,5048,5043,5032,5021,5010)
(10642,1258,5031,5020,5014,5008,5002)
(10643,1259,5030,5019,5008)
(10644,241,5031,5020,5014,5008,5002)
(10645,242,5044,5045,5046,5041,5030,5025,5020,5009,5004)
(10646,1541,5027,5016,5005)
(10647,1260,5004,5009,5020,5025,5030,5041,5052,5057,5056,5055)
(10648,243,5044,5045,5046,5041,5030,5025,5020,5009)
(10649,1542,5012,5013,5019,5030,5041,5047,5048,5054)
(10650,1543,5032,5043,5054)
(10651,1543,5012,5013,5019,5030,5041,5052)
(10652,1263,5029,5018,5007)
(10653,1544,5011,5012,5013,5019,5030,5041,5052,5058)
(10654,246,5028,5017,5011,5005)
(10655,247,5051,5040,5029,5023)
(10656,1191,5028,5039,5050)
(10657,1545,5043,5032,5026,5020,5009)
(10658,248,5028,5017,5011,5005)
(10659,1546,5030,5019,5013,5012,5011,5005)
(10660,1547,5005,5011,5012,5013,5019,5030,5041,5052,5058)
(10661,1548,5032,5026,5020,5014,5013,5012,5006)
(10662,1549,5040,5029,5023,5017,5006)
(10663,1550,5028,5017,5011,5005)
(10664,1551,5031,5020,5009)
(10665,250,5023,5029,5040,5051)
(10666,1115,5047,5041,5030,5025,5020)
(10667,1116,5058,5052,5041,5030,5025,5020)
(10668,1117,5032,5026,5020,5014,5013,5012,5006)
(10669,251,5019,5030,5041)
(10670,253,5040,5029,5018)
(10671,254,5006,5012,5013,5019,5030,5041,5047,5048,5054)
(10672,255,5048,5047,5041,5030,5019,5008,5002)
(10673,1120,5048,5047,5041,5030,5019,5008)
(10674,1121,5023,5029,5040,5051,5057)
(10675,1122,5032,5043,5054)
(10676,1124,5027,5016,5005)
(10677,1552,5006,5017,5028,5033,5038)
(10678,1553,5020,5025,5030,5041,5052,5057)
(10679,1125,5018,5029,5040,5051)
(10680,1126,5021,5032,5043,5048,5047,5052,5057)
(10681,256,5028,5017,5011,5005)
(10682,1554,5038,5033,5028,5017,5006)
(10683,1554,5022,5023,5029,5040,5051)
(10684,1128,5009,5020,5025,5030,5041,5052,5058)
(10685,1129,5047,5041,5030,5019,5013,5012,5011)
(10686,1555,5021,5032,5043,5048,5047,5052,5057)
(10687,258,5027,5038,5044,5050)
(10688,1556,5054,5048,5047,5041,5030,5024,5023)
(10689,1132,5029,5040,5051)
(10690,259,5054,5048,5047,5041,5030,5024,5023,5022)
(10691,1557,5021,5032,5043,5048,5047,5052,5057,5056,5055)
(10692,1134,5031,5020,5014,5013,5012,5011,5005)
(10693,261,5019,5030,5041,5047,5048)
(10694,1558,5032,5026,5020,5014,5008)
(10695,1112,5030,5019,5008)
(10696,1559,5013,5019,5030,5041,5047,5048,5054)
(10697,263,5054,5043,5032,5021)
(10698,1560,5032,5043,5054)
(10699,264,5030,5041,5047,5048,5054)
(10700,235,5040,5029,5023,5017,5011)
(10701,266,5022,5023,5029,5040,5051,5057,5058)
(10702,234,5004,5009,5020,5025,5030,5041,5052)
(10703,232,5050,5039,5028,5017,5011)
(10704,1087,5009,5020,5025,5030,5041,5052,5057,5056)
(10705,203,5032,5026,5020,5014,5008,5002)
(10706,204,5054,5048,5047,5041,5030,5019,5013,5012,5011)
(10707,205,5013,5019,5030,5041,5052,5058)
(10708,206,5020,5026,5032,5043,5054)
(10709,1089,5019,5030,5041,5047,5048,5054)
(10710,207,5032,5026,5020,5009)
(10711,1561,5043,5032,5021)
(10712,1562,5004,5009,5020,5025,5030,5041)
(10713,1092,5019,5030,5041,5052,5057,5056)
(10714,209,5025,5030,5041,5052,5058)
(10715,210,5010,5021,5032,5043,5048)
(10716,1094,5055,5056,5057,5052,5041,5030,5025,5020)
(10717,1563,5026,5032,5043,5054)
(10718,211,5029,5040,5051)
(10719,1096,5013,5019,5030,5041,5052)
(10720,213,5026,5032,5043,5054)
(10721,214,5019,5030,5041,5052,5057,5056)
(10722,215,5029,5040,5051,5057,5058)
(10723,1109,5058,5057,5056,5050,5044,5038,5027)
(10724,216,5019,5030,5041)
(10725,1100,5056,5057,5052,5041,5030,5025,5020,5009)
(10726,1101,5021,5032,5043,5048,5047,5052,5057,5056)
(10727,217,5027,5016,5005)
(10728,1103,5044,5045,5046,5041,5030,5025,5020,5009,5004)
(10729,1564,5041,5030,5019,5013)
(10730,218,5051,5040,5029,5018,5012,5011)
(10731,219,5011,5017,5028,5039)
(10732,220,5024,5030,5041,5047,5048,5054)
(10733,1565,5023,5029,5040,5051,5057)
(10734,1107,5010,5021,5032,5043)
(10735,1108,5030,5041,5052,5058)
(10736,1110,5032,5043,5054)
(10737,222,5040,5029,5023,5017,5011,5005)
(10738,1595,5027,5016,5005)
(10739,223,5024,5030,5041,5047,5048,5054)
(10740,224,5048,5047,5041,5030,5019,5013,5012)
(10741,226,5031,5020,5009)
(10742,227,5021,5032,5043,5048,5047,5052,5057,5056)
(10743,1166,5030,5019,5008,5002)
(10744,1708,5013,5019,5030,5041,5047)
(10745,1709,5010,5021,5032,5043,5048)
(10746,1710,5008,5019,5030,5041,5047)
(10747,1168,5002,5008,5014,5020,5026,5032)
(10748,1169,5023,5029,5040,5051,5057,5058)
(10749,1852,5018,5029,5040,5051,5056)
(10750,230,5029,5040,5051,5057,5058)
(10751,1853,5032,5043,5054)
(10752,231,5038,5027,5016,5005)
(10753,1854,5004,5009,5020,5025,5030,5041,5046,5045)
(10754,1173,5012,5013,5019,5030,5041,5052)
(10755,1174,5052,5041,5030,5025,5020,5009)
(10756,1175,5041,5030,5019,5013)
(10757,1176,5040,5029,5018)
(10758,1177,5018,5029,5040,5051,5056)
(10759,1178,5010,5021,5032,5043,5054)
(10760,1179,5041,5030,5025,5020,5009)
(10761,1855,5025,5030,5041,5052,5058)
(10762,1180,5009,5020,5031)
(10763,1856,5032,5043,5054)
(10764,1181,5009,5020,5025,5030,5041,5046)
(10765,1857,5006,5017,5028,5039,5050)
(10766,133,5051,5040,5029)
(10767,1182,5038,5027,5016)
(10768,99,5019,5030,5041,5052)
(10769,35,5038,5027,5016,5005)
(10770,1858,5017,5028,5033,5038,5049)
(10771,1185,5020,5025,5030,5041,5052,5057)
(10772,1186,5049,5038,5033,5028,5017,5006)
(10773,1859,5029,5040,5051,5057)
(10774,1187,5006,5017,5028)
(10775,1164,5057,5052,5041,5030,5019)
(10776,1163,5051,5040,5029,5018)
(10777,1859,5021,5032,5043,5048,5047,5052,5057,5056,5055)
(10778,1149,5057,5052,5041,5030,5025,5020,5009,5004)
(10779,1139,5028,5017,5011,5005)
(10780,1140,5011,5012,5013,5019,5030,5041,5052)
(10781,1860,5030,5041,5052,5058)
(10782,37,5028,5017,5011,5005)
(10783,38,5006,5012,5013,5019,5030)
(10784,1861,5008,5019,5030,5041,5046,5045,5044)
(10785,40,5025,5030,5041,5052,5058)
(10786,1862,5052,5041,5030,5019,5013,5012,5006)
(10787,1145,5030,5019,5008)
(10788,1863,5030,5019,5008)
(10789,1864,5051,5040,5029,5018,5012,5006)
(10790,1865,5044,5045,5046,5041,5030,5019,5008)
(10791,43,5052,5041,5030,5025,5020)
(10792,1161,5052,5041,5030,5025,5020,5009)
(10793,1151,5027,5016,5005)
(10794,1152,5004,5009,5020,5025,5030,5041,5046)
(10795,44,5049,5038,5033,5028,5017,5006)
(10796,1866,5002,5008,5019,5030,5041,5047)
(10797,1153,5009,5020,5025,5030,5041,5052,5057,5056)
(10798,1154,5055,5056,5051,5040,5029,5018,5007)
(10799,46,5002,5008,5019,5030,5041,5047,5048)
(10800,47,5029,5023,5017,5006)
(10801,1867,5030,5019,5008,5002)
(10802,1868,5055,5056,5057,5052,5041,5030,5025,5020)
(10803,48,5054,5043,5032,5026)
(10804,1156,5054,5043,5032)
(10805,1157,5059,5054,5043,5032,5021,5010)
(10806,1158,5058,5052,5041,5030,5025,5020,5009)
(10807,1869,5032,5043,5054)
(10808,1159,5058,5052,5041,5030,5025)
(10809,1160,5023,5029,5040,5051,5057)
(10810,1242,5045,5046,5041,5030,5019,5008)
(10811,1870,5010,5021,5032,5043)
(10812,51,5040,5029,5018,5007)
(10813,1433,5005,5011,5012,5013,5019,5030,5041,5047,5048,5054)
(10814,52,5030,5019,5013,5012,5006)
(10815,54,5008,5019,5030,5041,5046,5045)
(10816,1390,5012,5013,5019,5030,5041,5047,5048)
(10817,1870,5006,5017,5028,5033,5038,5049)
(10818,1871,5027,5016,5005)
(10819,1872,5008,5019,5030,5041)
(10820,1396,5028,5017,5011,5005)
(10821,1397,5054,5048,5047,5041,5030,5019,5013,5012,5011,5005)
(10822,1399,5050,5039,5028,5017,5006)
(10823,1402,5058,5052,5041,5030,5019,5008)
(10824,57,5031,5020,5014,5008,5002)
(10825,1873,5032,5043,5054)
(10826,58,5046,5041,5030,5025,5020,5009,5004)
(10827,1403,5054,5048,5047,5041,5030,5024,5023,5022)
(10828,1404,5041,5030,5019,5008)
(10829,1389,5041,5030,5019,5013,5012,5011)
(10830,59,5026,5032,5043,5054)
(10831,1388,5010,5021,5032,5043,5054,5059)
(10832,1386,5039,5028,5017)
(10833,1371,5029,5023,5017,5011,5005)
(10834,60,5056,5057,5052,5041,5030,5025,5020,5009)
(10835,1874,5041,5030,5025,5020,5009)
(10836,1875,5030,5019,5008,5002)
(10837,62,5054,5048,5047,5041,5030,5019)
(10838,1876,5022,5023,5024,5030,5041,5047,5048,5054)
(10839,1378,5030,5041,5052)
(10840,1379,5005,5011,5012,5018,5029,5040)
(10841,1851,5054,5048,5047,5041,5030,5024,5023)
(10842,1382,5054,5043,5032,5021,5010)
(10843,1877,5050,5039,5028)
(10844,1387,5041,5030,5019)
(10845,1406,5027,5016,5005)
(10846,1408,5021,5032,5043,5048,5047,5052)
(10847,1426,5032,5026,5020,5014,5008,5002)
(10848,63,5009,5020,5025,5030,5041,5052)
(10849,1850,5017,5028,5039,5050)
(10850,1848,5058,5057,5051,5040,5029,5023)
(10851,1824,5032,5043,5054)
(10852,33,5011,5012,5018,5029,5040,5051)
(10853,1436,5058,5052,5041,5030,5019,5013,5012,5011)
(10854,32,5029,5023,5017,5006)
(10855,16,5045,5046,5041,5030,5025,5020,5009)
(10856,3,5030,5019,5013,5012,5011,5005)
(10857,1825,5027,5038,5044,5050)
(10858,1825,5032,5026,5020,5014,5008,5002)
(10859,1826,5047,5041,5030,5019)
(10860,1419,5038,5027,5016,5005)
(10861,1827,5052,5041,5030,5019,5013,5012,5006)
(10862,1417,5011,5017,5028,5039,5050)
(10863,1828,5025,5030,5041,5052,5058)
(10864,1415,5040,5029,5023,5017,5011,5005)
(10865,1409,5012,5013,5019,5030,5041,5047,5048,5054)
(10866,6,5057,5056,5050,5044,5038,5027)
(10867,7,5045,5046,5041,5030,5019,5008)
(10868,1385,5046,5041,5030,5019,5008)
(10869,1316,5009,5020,5026,5032,5043)
(10870,1369,5005,5011,5017,5028)
(10871,8,5022,5023,5024,5030,5041,5047,5048,5054)
(10872,1829,5002,5008,5019,5030,5041,5052,5058)
(10873,1319,5018,5029,5040,5051,5056)
(10874,1320,5055,5056,5057,5052,5041,5030,5025,5020,5009,5004)
(10875,1830,5045,5046,5041,5030,5025,5020,5009)
(10876,9,5029,5040,5051,5057,5058)
(10877,1323,5009,5020,5025,5030,5041,5052)
(10878,10,5030,5019,5013,5012,5011,5005)
(10879,11,5032,5021,5010)
(10880,1831,5011,5012,5013,5019,5030,5041,5047,5048,5054)
(10881,1326,5056,5057,5052,5041,5030,5025,5020,5009,5004)
(10882,1832,5013,5019,5030,5041)
(10883,1329,5032,5021,5010)
(10884,1315,5028,5017,5011,5005)
(10885,1833,5004,5009,5020,5025,5030,5041)
(10886,1314,5013,5019,5030,5041,5047,5048,5054)
(10887,15,5050,5039,5028,5017,5011)
(10888,1298,5023,5029,5040,5051)
(10889,1834,5019,5030,5041,5047,5048)
(10890,31,5047,5041,5030,5019,5013,5012,5011,5005)
(10891,1835,5008,5019,5030,5041,5052,5058)
(10892,1836,5028,5017,5011,5005)
(10893,1836,5031,5020,5014,5013,5012,5006)
(10894,18,5031,5020,5014,5013,5012,5006)
(10895,19,5050,5039,5028,5017,5011)
(10896,1311,5030,5019,5008,5002)
(10897,1837,5052,5041,5030,5019,5008,5002)
(10898,20,5041,5030,5019,5013,5012,5011,5005)
(10899,1838,5021,5032,5043,5048,5047,5052,5057)
(10900,1353,5005,5011,5017,5028)
(10901,1356,5041,5030,5019,5013,5012,5006)
(10902,1357,5010,5021,5032,5043,5054,5059)
(10903,21,5006,5012,5013,5019,5030,5041)
(10904,22,5030,5041,5047,5048,5054)
(10905,1359,5006,5012,5013,5014,5020,5031)
(10906,1362,5032,5026,5020,5009)
(10907,23,5057,5052,5041,5030,5025,5020,5009)
(10908,24,5043,5032,5026,5020)
(10909,25,5029,5040,5051)
(10910,27,5056,5050,5044,5038,5027)
(10911,28,5030,5019,5013,5012,5006)
(10912,1839,5002,5008,5014,5020,5031)
(10913,29,5030,5019,5013,5012,5006)
(10914,30,5011,5012,5013,5019,5030,5041,5047)
(10915,1335,5020,5025,5030,5041,5052,5057,5056)
(10916,64,5032,5043,5054)
(10917,1339,5040,5029,5018,5007)
(10918,1343,5030,5019,5008)
(10919,1346,5054,5043,5032)
(10920,1347,5023,5029,5040,5051,5057,5058)
(10921,65,5058,5052,5041,5030,5025,5020,5009)
(10922,67,5054,5043,5032)
(10923,1345,5017,5023,5029,5040,5051)
(10924,1344,5041,5030,5019,5013)
(10925,68,5005,5011,5012,5018,5029,5040)
(10926,1366,5023,5024,5030,5041,5047,5048,5054)
(10927,1355,5007,5018,5029,5040,5051,5056,5055)
(10928,102,5023,5029,5040,5051)
(10929,1354,5054,5043,5032,5021,5010)
(10930,1840,5047,5041,5030,5019,5013,5012)
(10931,104,5021,5032,5043,5054,5059)
(10932,105,5020,5026,5032,5043,5054)
(10933,107,5032,5026,5020,5014,5008,5002)
(10934,1841,5047,5041,5030,5019,5013,5012,5011,5005)
(10935,1300,5011,5012,5013,5019,5030,5041,5052)
(10936,1328,5032,5043,5054)
(10937,108,5032,5026,5020,5014,5008)
(10938,1842,5056,5057,5052,5041,5030,5025,5020,5009)
(10939,110,5008,5019,5030,5041,5052,5057,5056,5055)
(10940,1843,5054,5048,5047,5041,5030,5024,5023,5022)
(10941,1844,5054,5048,5047,5041,5030,5019,5013,5012,5011)
(10942,1368,5056,5057,5052,5041,5030,5019)
(10943,1845,5047,5041,5030,5019,5013,5012,5006)
(10944,1422,5057,5052,5041,5030,5025,5020,5009)
(10945,1846,5055,5056,5057,5052,5041,5030,5019,5008)
(10946,1380,5028,5017,5011,5005)
(10947,1376,5029,5018,5007)
(10948,1847,5029,5023,5017,5006)
(10949,1373,5040,5029,5023,5017,5011)
(10950,114,5031,5020,5014,5013,5012,5006)
(10951,1847,5045,5046,5041,5030,5025,5020,5009,5004)
(10952,116,5011,5012,5013,5019,5030,5041,5047,5048,5054)
(10953,1400,5032,5026,5020,5009)
(10954,117,5021,5032,5043,5048,5047,5052,5057,5056)
(10955,118,5043,5032,5026,5020)
(10956,1849,5058,5052,5041,5030,5025,5020,5009)
(10957,1879,5004,5009,5020,5025,5030,5041,5052)
(10958,122,5004,5009,5020,5025,5030,5041)
(10959,123,5057,5052,5041,5030,5025,5020,5009)
(10960,1906,5045,5046,5041,5030,5025,5020,5009,5004)
(10961,1414,5050,5044,5038,5027)
(10962,1880,5046,5041,5030,5019,5008)
(10963,1909,5023,5029,5040,5051,5057,5058)
(10964,1302,5006,5017,5028,5039,5050)
(10965,1910,5011,5012,5013,5019,5030,5041,5052,5058)
(10966,1352,5045,5046,5041,5030,5025,5020,5009)
(10967,1911,5041,5030,5019,5013)
(10968,1912,5043,5032,5026,5020)
(10969,1913,5019,5030,5041,5047,5048,5054)
(10970,1341,5002,5008,5019,5030,5041,5047)
(10971,1914,5030,5041,5052,5058)
(10972,1915,5004,5009,5020,5025,5030,5041,5052,5057,5056,5055)
(10973,127,5023,5029,5040,5051,5057,5058)
(10974,1348,5008,5019,5030)
(10975,128,5028,5017,5011,5005)
(10976,1338,5043,5032,5021,5010)
(10977,1337,5019,5030,5041,5052,5058)
(10978,1915,5021,5032,5043,5048,5047,5052,5057,5056,5055)
(10979,130,5058,5052,5041,5030,5019,5013,5012)
(10980,1363,5027,5016,5005)
(10981,101,5027,5016,5005)
(10982,131,5051,5040,5029,5018,5012,5011)
(10983,100,5029,5023,5017,5006)
(10984,1916,5054,5043,5032)
(10985,1333,5045,5046,5041,5030,5025,5020,5009,5004)
(10986,1332,5047,5041,5030,5019,5008,5002)
(10987,1331,5027,5016,5005)
(10988,1309,5050,5039,5028,5017)
(10989,69,5018,5029,5040,5051)
(10990,1917,5011,5012,5013,5019,5030,5041,5047,5048)
(10991,1306,5058,5052,5041,5030,5025,5020,5009)
(10992,70,5009,5020,5025,5030,5041,5052,5057,5056,5055)
(10993,1312,5025,5030,5041,5052,5058)
(10994,71,5049,5038,5027,5016,5005)
(10995,72,5054,5048,5047,5041,5030,5024,5023)
(10996,1321,5032,5026,5020,5014,5008)
(10997,1410,5041,5030,5019,5013)
(10998,73,5002,5008,5019,5030)
(10999,1918,5032,5026,5020,5014,5008,5002)
(11000,75,5013,5019,5030,5041,5047,5048)
(11001,76,5046,5041,5030,5025,5020,5009,5004)
(11002,1919,5022,5023,5024,5030,5041,5047,5048,5054)
(11003,1920,5023,5029,5040,5051,5057)
(11004,78,5008,5014,5020,5026,5032)
(11005,1435,5044,5045,5046,5041,5030,5025,5020,5009)
(11006,80,5054,5048,5047,5041,5030,5019,5008)
(11007,81,5027,5038,5044,5050)
(11008,1921,5026,5032,5043,5054)
(11009,82,5032,5043,5054)
(11010,1922,5047,5041,5030,5019,5013,5012,5011)
(11011,83,5056,5051,5040,5029,5018,5007)
(11012,84,5055,5056,5057,5052,5041,5030,5025,5020,5009)
(11013,85,5048,5047,5041,5030,5019,5013,5012,5006)
(11014,1383,5008,5019,5030,5041,5052,5057)
(11015,1381,5051,5040,5029,5018,5012,5011,5005)
(11016,1923,5047,5041,5030,5019,5013)
(11017,86,5006,5012,5013,5019,5030,5041,5047)
(11018,1924,5031,5020,5014,5013,5012,5006)
(11019,1375,5029,5023,5017,5006)
(11020,87,5030,5019,5013,5012,5006)
(11021,1925,5019,5030,5041,5052,5057,5056)
(11022,88,5032,5026,5020,5014,5008)
(11023,2,5023,5029,5040,5051,5057,5058)
(11024,90,5026,5032,5043,5054)
(11025,91,5019,5030,5041,5052,5057,5056,5055)
(11026,1398,5017,5028,5033,5038,5049)
(11027,1393,5005,5011,5012,5013,5019,5030,5041,5047,5048,5054)
(11028,92,5032,5043,5054)
(11029,1926,5058,5052,5041,5030,5019,5013,5012)
(11030,95,5010,5021,5032,5043)
(11031,96,5057,5052,5041,5030,5019,5008)
(11032,97,5002,5008,5019,5030,5041,5052)
(11033,200,5023,5024,5030,5041,5047,5048,5054)
(11034,268,5056,5051,5040,5029,5018,5007)
(11035,804,5058,5057,5051,5040,5029)
(11036,1926,5029,5023,5017,5006)
(11037,467,5031,5020,5014,5008,5002)
(11038,1927,5004,5009,5020,5025,5030,5041,5052,5057,5056)
(11039,436,5056,5057,5052,5041,5030,5025,5020,5009,5004)
(11040,1928,5047,5041,5030,5025,5020)
(11041,771,5025,5030,5041,5052,5058)
(11042,437,5049,5038,5027,5016)
(11043,439,5004,5009,5020,5025,5030,5041,5046,5045)
(11044,882,5030,5041,5052,5058)
(11045,440,5028,5017,5011,5005)
(11046,904,5025,5030,5041,5052,5058)
(11047,903,5032,5043,5054)
(11048,441,5005,5011,5017,5028)
(11049,1929,5050,5039,5028,5017,5006)
(11050,1930,5057,5052,5047,5048,5043,5032,5021)
(11051,442,5029,5023,5017,5006)
(11052,443,5002,5008,5014,5020,5026,5032)
(11053,444,5030,5041,5052,5058)
(11054,445,5019,5030,5041,5047,5048)
(11055,1931,5002,5008,5019,5030,5041,5047,5048,5054)
(11056,1932,5055,5056,5057,5052,5047,5048,5043,5032,5021)
(11057,1933,5028,5017,5006)
(11058,1908,5030,5041,5047,5048,5054)
(11059,839,5026,5032,5043,5054)
(11060,1934,5005,5011,5012,5013,5019,5030,5041)
(11061,836,5005,5016,5027,5038,5049)
(11062,448,5005,5011,5012,5013,5019,5030,5041,5052,5058)
(11063,449,5013,5019,5030,5041,5052,5058)
(11064,887,5019,5030,5041)
(11065,1907,5040,5029,5023,5017,5011,5005)
(11066,1905,5030,5019,5013,5012,5006)
(11067,1881,5054,5043,5032,5026,5020,5009)
(11068,855,5019,5030,5041,5047,5048,5054)
(11069,856,5040,5029,5018,5007)
(11070,450,5027,5016,5005)
(11071,860,5004,5009,5020,5025,5030,5041)
(11072,862,5045,5040,5029,5018,5007)
(11073,863,5043,5032,5021,5010)
(11074,1881,5041,5030,5019,5008)
(11075,452,5050,5039,5028)
(11076,1882,5045,5046,5041,5030,5019,5008)
(11077,453,5044,5045,5046,5041,5030,5019,5008)
(11078,869,5027,5016,5005)
(11079,454,5046,5041,5030,5019,5008)
(11080,1883,5009,5020,5025,5030,5041,5046)
(11081,853,5048,5047,5041,5030,5019,5008,5002)
(11082,456,5022,5023,5029,5040,5051,5057)
(11083,457,5019,5030,5041)
(11084,1884,5046,5041,5030,5025,5020,5009,5004)
(11085,843,5045,5046,5041,5030,5019,5008)
(11086,1885,5039,5028,5017,5011)
(11087,845,5032,5026,5020,5014,5008,5002)
(11088,846,5059,5054,5043,5032,5021,5010)
(11089,460,5038,5027,5016,5005)
(11090,461,5006,5017,5028,5039,5050)
(11091,852,5028,5017,5011,5005)
(11092,462,5031,5020,5014,5013,5012,5006)
(11093,890,5020,5025,5030,5041,5052)
(11094,1886,5054,5043,5032,5026)
(11095,873,5032,5026,5020,5014,5008)
(11096,464,5027,5016,5005)
(11097,895,5040,5029,5018,5007)
(11098,435,5011,5017,5028,5039)
(11099,466,5039,5028,5017,5006)
(11100,897,5027,5016,5005)
(11101,899,5022,5023,5029,5040,5051,5057)
(11102,901,5055,5056,5051,5040,5029,5018,5007)
(11103,434,5011,5012,5013,5019,5030,5041,5052,5058)
(11104,432,5002,5008,5019,5030,5041,5047)
(11105,906,5051,5040,5029,5018,5012,5006)
(11106,907,5021,5032,5043)
(11107,403,5023,5024,5030,5041,5047,5048,5054)
(11108,404,5027,5038,5049)
(11109,405,5031,5020,5014,5013,5012,5006)
(11110,908,5047,5041,5030,5019,5013)
(11111,406,5022,5023,5029,5040,5051,5057,5058)
(11112,407,5047,5041,5030,5019)
(11113,408,5028,5017,5006)
(11114,876,5046,5041,5030,5025,5020,5009)
(11115,877,5040,5029,5018,5007)
(11116,409,5044,5045,5046,5041,5030,5019,5008)
(11117,879,5049,5038,5027,5016)
(11118,410,5027,5038,5049)
(11119,1887,5032,5043,5054)
(11120,881,5038,5033,5028,5017,5006)
(11121,1888,5010,5021,5032,5043)
(11122,883,5058,5057,5051,5040,5029,5023)
(11123,413,5041,5030,5025,5020,5009,5004)
(11124,1889,5023,5029,5040,5051,5057,5058)
(11125,1890,5030,5019,5008,5002)
(11126,1891,5020,5025,5030,5041,5052,5057)
(11127,888,5029,5040,5051,5057,5058)
(11128,1892,5021,5032,5043)
(11129,1892,5008,5019,5030,5041,5046,5045)
(11130,1893,5051,5040,5029)
(11131,414,5013,5019,5030,5041,5047)
(11132,415,5054,5048,5047,5041,5030,5019,5013,5012,5006)
(11133,416,5011,5012,5013,5019,5030,5041,5052,5058)
(11134,1894,5022,5023,5029,5040,5051)
(11135,417,5045,5046,5041,5030,5025,5020,5009)
(11136,418,5058,5057,5056,5050,5044,5038,5027)
(11137,783,5027,5016,5005)
(11138,1895,5044,5045,5046,5041,5030,5025,5020,5009,5004)
(11139,1896,5030,5019,5008)
(11140,419,5027,5016,5005)
(11141,1897,5029,5040,5051)
(11142,1898,5041,5030,5019,5013,5012)
(11143,1899,5008,5014,5020,5026,5032)
(11144,420,5023,5029,5040,5051,5057,5058)
(11145,421,5048,5047,5041,5030,5019,5013,5012,5011)
(11146,1900,5041,5030,5019,5013,5012,5011)
(11147,776,5029,5023,5017,5006)
(11148,423,5027,5016,5005)
(11149,424,5009,5020,5025,5030,5041,5046,5045)
(11150,762,5038,5027,5016,5005)
(11151,1901,5032,5026,5020,5014,5008,5002)
(11152,1902,5025,5030,5041,5052,5058)
(11153,775,5054,5048,5047,5041,5030)
(11154,428,5019,5030,5041,5052)
(11155,429,5032,5026,5020,5014,5013,5012,5011,5005)
(11156,1903,5020,5025,5030,5041,5047)
(11157,1904,5021,5032,5043,5048,5047,5052)
(11158,431,5025,5030,5041,5052,5058)
(11159,773,5047,5041,5030,5019,5013,5012,5011)
(11160,774,5041,5030,5019,5013)
(11161,433,5028,5017,5006)
(11162,1904,5040,5029,5023,5017)
(11163,468,5012,5013,5019,5030,5041)
(11164,500,5007,5018,5029)
(11165,1823,5030,5019,5008)
(11166,818,5058,5052,5041,5030)
(11167,819,5057,5052,5041,5030,5019)
(11168,469,5017,5023,5029,5040)
(11169,1822,5045,5040,5029,5018,5007)
(11170,503,5027,5016,5005)
(11171,824,5054,5043,5032)
(11172,825,5011,5012,5013,5019,5030,5041,5047,5048)
(11173,505,5030,5019,5013,5012,5011,5005)
(11174,506,5040,5029,5018)
(11175,507,5007,5012,5017,5028,5039)
(11176,1821,5044,5045,5046,5041,5030,5025,5020,5009)
(11177,508,5020,5025,5030,5041,5052)
(11178,831,5027,5016,5005)
(11179,1792,5038,5033,5028,5017,5006)
(11180,815,5027,5016,5005)
(11181,813,5022,5023,5029,5040,5051,5057)
(11182,799,5058,5052,5041,5030,5019,5013,5012,5011)
(11183,1738,5030,5019,5008,5002)
(11184,1739,5020,5025,5030,5041,5052,5057)
(11185,803,5012,5013,5019,5030,5041,5047)
(11186,1740,5047,5041,5030,5019,5013,5012)
(11187,511,5004,5009,5020,5025,5030,5041,5052,5057,5056,5055)
(11188,1741,5047,5041,5030,5019,5013,5012,5006)
(11189,1742,5044,5045,5046,5041,5030,5019,5008)
(11190,513,5028,5017,5011,5005)
(11191,514,5019,5030,5041,5052,5057,5056,5055)
(11192,1743,5006,5017,5028,5039,5050)
(11193,1744,5055,5056,5057,5052,5047,5048,5043,5032,5021)
(11194,515,5013,5019,5030,5041,5052,5058)
(11195,805,5029,5023,5017,5006)
(11196,816,5004,5009,5020,5025,5030,5041,5052,5057)
(11197,826,5049,5038,5033,5028,5017,5006)
(11198,796,5055,5056,5051,5040,5029,5018,5007)
(11199,766,5011,5012,5013,5019,5030,5041,5047,5048)
(11200,516,5020,5025,5030,5041,5052,5057)
(11201,1745,5041,5030,5019,5013,5012)
(11202,1746,5040,5029,5023,5017,5011)
(11203,1040,5032,5043,5054)
(11204,1746,5057,5052,5041,5030,5019)
(11205,1747,5050,5044,5038,5027)
(11206,1023,5032,5043,5054)
(11207,519,5058,5057,5051,5040,5029)
(11208,1025,5029,5040,5051,5057,5058)
(11209,1026,5011,5017,5028,5039,5050)
(11210,1027,5007,5018,5029,5040,5051,5056,5055)
(11211,520,5032,5043,5054)
(11212,1030,5046,5041,5030,5019,5008)
(11213,521,5007,5018,5029,5040)
(11214,1039,5054,5048,5047,5041,5030,5024,5023,5022)
(11215,522,5045,5046,5041,5030,5025,5020,5009)
(11216,1031,5007,5018,5029)
(11217,1032,5019,5030,5041,5047)
(11218,523,5007,5012,5017,5028,5033,5038)
(11219,1033,5008,5019,5030,5041,5052,5057,5056,5055)
(11220,1034,5032,5026,5020,5014,5013,5012,5011,5005)
(11221,524,5021,5032,5043,5048,5047,5052,5057,5056)
(11222,1036,5023,5024,5030,5041,5047,5048,5054)
(11223,525,5009,5020,5026,5032,5043,5054)
(11224,1038,5019,5030,5041,5052,5057)
(11225,526,5025,5030,5041,5052,5058)
(11226,1029,5032,5043,5054)
(11227,1019,5027,5038,5044,5050)
(11228,527,5018,5029,5040,5051,5056)
(11229,1007,5032,5026,5020,5014,5013,5012,5006)
(11230,528,5039,5028,5017,5011,5005)
(11231,1748,5008,5019,5030,5041,5047,5048)
(11232,1749,5030,5019,5008)
(11233,1750,5032,5043,5054)
(11234,1751,5004,5009,5020,5025,5030,5041,5046)
(11235,1004,5052,5041,5030,5019,5013,5012,5011,5005)
(11236,1752,5008,5019,5030,5041,5052,5057)
(11237,1753,5002,5008,5019,5030,5041,5052,5058)
(11238,1754,5047,5041,5030,5019,5013,5012,5006)
(11239,1008,5023,5029,5040,5051)
(11240,1017,5019,5030,5041,5052,5057)
(11241,1009,5051,5040,5029,5018,5012,5011,5005)
(11242,1011,5020,5025,5030,5041,5052)
(11243,1012,5047,5041,5030,5019,5013)
(11244,1755,5006,5012,5013,5019,5030,5041,5052,5058)
(11245,1015,5054,5048,5047,5041,5030)
(11246,1016,5057,5052,5041,5030,5025,5020,5009,5004)
(11247,1018,5028,5017,5006)
(11248,1756,5030,5041,5052)
(11249,1062,5028,5017,5006)
(11250,1042,5032,5043,5054)
(11251,1757,5009,5020,5025,5030,5041,5046,5045,5044)
(11252,1067,5004,5009,5020,5025,5030,5041,5046,5045)
(11253,1068,5006,5012,5013,5019,5030,5041,5052,5058)
(11254,1071,5002,5008,5019,5030,5041,5047,5048,5054)
(11255,1072,5008,5019,5030,5041)
(11256,1757,5031,5020,5014,5008)
(11257,1758,5011,5012,5013,5019,5030,5041,5047,5048)
(11258,501,5055,5056,5057,5052,5041,5030,5025,5020,5009)
(11259,499,5044,5045,5046,5041,5030,5025,5020,5009,5004)
(11260,1759,5032,5043,5054)
(11261,471,5023,5029,5040,5051)
(11262,1760,5006,5012,5013,5019,5030,5041,5052,5058)
(11263,1079,5021,5032,5043,5054)
(11264,1761,5028,5017,5011,5005)
(11265,1080,5030,5041,5052,5058)
(11266,472,5008,5019,5030,5041,5052,5058)
(11267,1064,5054,5048,5047,5041,5030)
(11268,1073,5008,5019,5030,5041,5052,5058)
(11269,1762,5030,5019,5008)
(11270,1737,5040,5029,5023,5017,5011)
(11271,474,5030,5019,5008)
(11272,1044,5026,5032,5043,5054)
(11273,475,5002,5008,5014,5020,5026,5032)
(11274,476,5005,5011,5012,5018,5029,5040,5051)
(11275,477,5027,5016,5005)
(11276,479,5030,5041,5052,5058)
(11277,1736,5030,5019,5008)
(11278,1049,5027,5016,5005)
(11279,1050,5057,5051,5040,5029)
(11280,1735,5047,5041,5030,5019,5013,5012,5006)
(11281,1052,5023,5029,5040,5051,5057)
(11282,1061,5012,5013,5019,5030,5041,5047,5048,5054)
(11283,1054,5012,5013,5019,5030,5041,5052)
(11284,1722,5039,5028,5017)
(11285,1055,5048,5043,5032,5021,5010)
(11286,480,5044,5045,5046,5041,5030,5025,5020,5009,5004)
(11287,481,5030,5041,5052)
(11288,1711,5006,5012,5013,5019,5030,5041,5047,5048)
(11289,1059,5038,5033,5028,5017,5006)
(11290,1084,5008,5019,5030,5041,5052,5057)
(11291,1712,5021,5032,5043,5054,5059)
(11292,1712,5048,5047,5041,5030,5019,5008)
(11293,1713,5030,5019,5008,5002)
(11294,485,5005,5011,5012,5013,5019,5030,5041,5052)
(11295,486,5032,5043,5054)
(11296,487,5049,5038,5033,5028,5017,5006)
(11297,934,5008,5019,5030,5041,5047,5048,5054)
(11298,488,5027,5038,5049)
(11299,1714,5032,5026,5020,5014,5008)
(11300,490,5020,5025,5030,5041,5052,5057,5056,5055)
(11301,492,5051,5040,5029,5018,5012,5011)
(11302,493,5009,5020,5026,5032)
(11303,1715,5028,5017,5006)
(11304,1716,5009,5020,5025,5030,5041,5052,5057,5056)
(11305,1717,5019,5030,5041,5047,5048,5054)
(11306,494,5055,5056,5057,5052,5047,5048,5043,5032,5021)
(11307,495,5048,5047,5041,5030,5019,5008)
(11308,1718,5052,5041,5030,5025,5020)
(11309,1719,5013,5019,5030,5041)
(11310,496,5011,5012,5013,5019,5030,5041,5047,5048)
(11311,1720,5031,5020,5014,5008,5002)
(11312,943,5052,5041,5030)
(11313,497,5028,5017,5011,5005)
(11314,1721,5021,5032,5043,5054,5059)
(11315,946,5029,5023,5017,5011,5005)
(11316,498,5020,5026,5032,5043,5054)
(11317,1723,5008,5019,5030,5041,5047)
(11318,1734,5021,5032,5043,5054,5059)
(11319,401,5032,5043,5054)
(11320,932,5019,5030,5041,5047)
(11321,400,5021,5032,5043,5054)
(11322,930,5056,5057,5052,5047,5048,5043,5032,5021)
(11323,929,5004,5009,5020,5025,5030,5041,5052,5057,5056)
(11324,1723,5051,5040,5029,5018,5007)
(11325,1724,5046,5041,5030,5025,5020,5009)
(11326,914,5058,5052,5041,5030,5019,5013)
(11327,302,5054,5043,5032,5021)
(11328,303,5008,5019,5030,5041,5046,5045)
(11329,1725,5027,5038,5044,5050)
(11330,1726,5025,5030,5041,5052,5058)
(11331,1727,5029,5018,5007)
(11332,306,5058,5052,5041,5030,5025,5020)
(11333,920,5047,5041,5030,5019,5013,5012,5006)
(11334,1728,5029,5040,5051,5057)
(11335,1729,5027,5016,5005)
(11336,309,5011,5012,5013,5019,5030,5041,5052)
(11337,310,5049,5038,5033,5028,5017,5006)
(11338,1730,5032,5043,5054)
(11339,311,5022,5023,5029,5040,5051,5057,5058)
(11340,312,5058,5052,5041,5030,5025,5020,5009)
(11341,1731,5057,5056,5050,5044,5038,5027)
(11342,928,5054,5043,5032,5026,5020)
(11343,313,5038,5033,5028,5017,5006)
(11344,314,5013,5019,5030,5041,5047,5048)
(11345,1732,5006,5012,5018,5029,5040,5051)
(11346,954,5031,5020,5014,5013,5012,5006)
(11347,1733,5008,5019,5030,5041,5046,5045,5044)
(11348,316,5004,5009,5020,5025,5030,5041,5052,5057)
(11349,1734,5024,5030,5041,5047,5048,5054)
(11350,1763,5030,5019,5008)
(11351,319,5052,5041,5030,5019,5013,5012,5011)
(11352,982,5022,5023,5024,5030,5041,5047,5048,5054)
(11353,320,5002,5008,5019,5030,5041,5052)
(11354,984,5006,5012,5013,5019,5030,5041,5047,5048)
(11355,321,5058,5057,5056,5050,5044,5038,5027)
(11356,322,5005,5011,5012,5018,5029)
(11357,323,5057,5052,5041,5030,5025,5020,5009)
(11358,1764,5005,5011,5012,5018,5029)
(11359,324,5022,5023,5029,5040,5051)
(11360,1765,5006,5017,5028,5033,5038)
(11361,1766,5010,5021,5032)
(11362,990,5054,5043,5032,5026)
(11363,1795,5028,5017,5006)
(11364,325,5030,5019,5008,5002)
(11365,326,5009,5020,5025,5030,5041,5046,5045,5044)
(11366,327,5056,5057,5052,5041,5030,5025,5020,5009)
(11367,976,5026,5032,5043,5054)
(11368,1796,5018,5029,5040)
(11369,975,5039,5028,5017)
(11370,1797,5021,5032,5043,5048,5047,5052,5057)
(11371,329,5008,5019,5030,5041)
(11372,955,5055,5056,5057,5052,5041,5030,5025,5020,5009,5004)
(11373,1798,5031,5020,5014,5013,5012,5011,5005)
(11374,1799,5057,5052,5041,5030,5025,5020)
(11375,330,5051,5040,5029,5018,5007)
(11376,301,5058,5052,5041,5030,5019)
(11377,1800,5030,5019,5008,5002)
(11378,300,5026,5032,5043,5054)
(11379,299,5020,5025,5030,5041,5047)
(11380,283,5057,5056,5050,5044,5038,5027)
(11381,270,5052,5041,5030,5019,5013,5012,5011)
(11382,271,5038,5027,5016)
(11383,272,5012,5013,5019,5030,5041,5047,5048)
(11384,1801,5030,5019,5008)
(11385,1802,5002,5008,5019,5030)
(11386,961,5030,5019,5008)
(11387,962,5028,5017,5006)
(11388,1802,5020,5025,5030,5041,5047)
(11389,1803,5032,5026,5020,5014,5008,5002)
(11390,273,5025,5030,5041,5052,5058)
(11391,274,5039,5028,5017,5011,5005)
(11392,275,5048,5047,5041,5030,5019,5008,5002)
(11393,276,5050,5039,5028,5017,5006)
(11394,967,5026,5032,5043,5054)
(11395,968,5025,5030,5041,5052,5058)
(11396,1804,5041,5030,5019)
(11397,1805,5032,5026,5020,5014,5008,5002)
(11398,278,5058,5057,5051,5040,5029)
(11399,280,5052,5041,5030,5025,5020,5009,5004)
(11400,1806,5011,5012,5013,5019,5030,5041,5047)
(11401,1807,5029,5023,5017,5011,5005)
(11402,909,5008,5019,5030,5041,5046)
(11403,282,5032,5026,5020,5014,5008)
(11404,1808,5007,5018,5029,5040,5051,5056)
(11405,969,5032,5026,5020,5014,5013,5012,5011,5005)
(11406,284,5006,5017,5028)
(11407,1809,5027,5016,5005)
(11408,1810,5047,5041,5030,5019,5013,5012,5011)
(11409,298,5011,5012,5018,5029,5040)
(11410,285,5009,5020,5025,5030,5041,5052,5057,5056,5055)
(11411,286,5009,5020,5025,5030,5041,5052,5058)
(11412,963,5047,5041,5030,5019,5013,5012,5011)
(11413,287,5058,5052,5041,5030,5019,5013,5012,5011,5005)
(11414,288,5021,5032,5043,5054)
(11415,289,5021,5032,5043,5048,5047,5052)
(11416,290,5038,5033,5028,5017,5006)
(11417,1811,5018,5029,5040,5051)
(11418,291,5017,5023,5029,5040,5051)
(11419,293,5045,5040,5029,5018,5007)
(11420,983,5052,5041,5030)
(11421,1812,5057,5052,5047,5048,5043,5032,5021)
(11422,294,5031,5020,5014,5013,5012,5011,5005)
(11423,1813,5019,5030,5041,5052,5057)
(11424,1813,5027,5038,5044,5050)
(11425,296,5029,5040,5051,5057)
(11426,1814,5032,5026,5020,5014,5008)
(11427,977,5021,5032,5043,5054)
(11428,331,5031,5020,5014,5008,5002)
(11429,1815,5009,5020,5031)
(11430,941,5029,5023,5017,5006)
(11431,1816,5020,5025,5030,5041,5052,5057)
(11432,1817,5047,5041,5030,5019,5008)
(11433,334,5043,5032,5021,5010)
(11434,1818,5048,5047,5041,5030,5019,5013)
(11435,1819,5045,5046,5041,5030,5019,5008)
(11436,369,5057,5052,5041,5030,5025,5020,5009,5004)
(11437,370,5026,5032,5043,5054)
(11438,1794,5019,5030,5041,5052,5057,5056,5055)
(11439,918,5010,5021,5032,5043,5054)
(11440,373,5032,5021,5010)
(11441,374,5006,5012,5013,5014,5020,5031)
(11442,1820,5032,5026,5020,5014,5008)
(11443,949,5047,5041,5030,5019,5008,5002)
(11444,1793,5019,5030,5041,5047,5048,5054)
(11445,376,5048,5047,5041,5030,5019)
(11446,377,5028,5017,5011,5005)
(11447,378,5051,5040,5029,5018)
(11448,974,5013,5019,5030,5041)
(11449,1791,5029,5023,5017,5006)
(11450,997,5009,5020,5025,5030,5041,5046,5045,5044)
(11451,379,5032,5043,5054)
(11452,380,5032,5021,5010)
(11453,1057,5031,5020,5014,5013,5012,5006)
(11454,381,5047,5041,5030,5019,5013,5012)
(11455,1053,5027,5038,5049)
(11456,1767,5052,5041,5030,5019,5008,5002)
(11457,1768,5043,5032,5026,5020,5009)
(11458,1768,5004,5009,5020,5025,5030,5041)
(11459,1769,5005,5011,5012,5013,5014,5020,5031)
(11460,1051,5007,5012,5017,5028,5033,5038)
(11461,1770,5030,5019,5008,5002)
(11462,1771,5052,5041,5030)
(11463,383,5021,5032,5043,5054,5059)
(11464,1075,5048,5047,5041,5030,5019,5013,5012,5011,5005)
(11465,1772,5041,5030,5019,5008)
(11466,384,5010,5021,5032,5043)
(11467,1773,5019,5030,5041,5052,5058)
(11468,1070,5020,5025,5030,5041,5052,5057,5056,5055)
(11469,386,5049,5038,5027,5016,5005)
(11470,1066,5030,5019,5008)
(11471,387,5030,5041,5052,5058)
(11472,388,5048,5047,5041,5030,5019)
(11473,1774,5009,5020,5025,5030,5041,5046,5045)
(11474,389,5028,5017,5006)
(11475,1014,5012,5013,5019,5030,5041,5047,5048,5054)
(11476,390,5020,5026,5032,5043)
(11477,1775,5030,5041,5052)
(11478,1010,5041,5030,5019,5013,5012,5011)
(11479,1776,5008,5019,5030,5041,5052,5057,5056)
(11480,392,5029,5040,5051,5057,5058)
(11481,1002,5027,5016,5005)
(11482,1001,5011,5012,5013,5019,5030,5041)
(11483,999,5054,5048,5047,5041,5030,5019,5013)
(11484,393,5032,5043,5054)
(11485,1777,5027,5016,5005)
(11486,395,5056,5051,5040,5029,5018)
(11487,1778,5007,5018,5029,5040)
(11488,396,5019,5030,5041,5047,5048,5054)
(11489,1779,5032,5043,5054)
(11490,368,5017,5023,5029,5040,5051)
(11491,792,5019,5030,5041,5052)
(11492,399,5011,5012,5018,5029,5040)
(11493,367,5022,5023,5029,5040,5051)
(11494,811,5044,5045,5046,5041,5030,5025,5020,5009,5004)
(11495,1780,5048,5047,5041,5030,5019,5013,5012,5006)
(11496,365,5028,5017,5006)
(11497,829,5006,5012,5013,5019,5030,5041,5047,5048)
(11498,336,5031,5020,5014,5013,5012,5011,5005)
(11499,337,5002,5008,5014,5020,5031)
(11500,338,5010,5021,5032)
(11501,339,5032,5026,5020,5014,5013,5012,5011,5005)
(11502,1780,5057,5056,5050,5044,5038,5027)
(11503,341,5030,5019,5008,5002)
(11504,342,5056,5057,5052,5041,5030,5025,5020,5009,5004)
(11505,772,5050,5039,5028,5017,5011)
(11506,764,5029,5023,5017,5011,5005)
(11507,1781,5038,5033,5028,5017,5012,5007)
(11508,1782,5028,5017,5006)
(11509,786,5038,5033,5028,5017,5006)
(11510,779,5030,5041,5052,5058)
(11511,820,5027,5016,5005)
(11512,1783,5039,5028,5017)
(11513,344,5031,5020,5014,5013,5012,5006)
(11514,886,5046,5041,5030,5019,5008)
(11515,346,5005,5011,5012,5018,5029)
(11516,347,5009,5020,5025,5030,5041,5046,5045,5044)
(11517,875,5027,5016,5005)
(11518,874,5030,5041,5052)
(11519,892,5043,5032,5021,5010)
(11520,905,5055,5056,5057,5052,5041,5030,5019)
(11521,348,5055,5056,5057,5052,5041,5030,5019)
(11522,349,5044,5045,5046,5041,5030,5025,5020,5009,5004)
(11523,350,5030,5041,5052)
(11524,1784,5030,5019,5013,5012,5011,5005)
(11525,351,5032,5026,5020,5014,5008)
(11526,1785,5006,5017,5028,5033,5038,5049)
(11527,353,5032,5026,5020,5014,5013,5012,5006)
(11528,354,5002,5008,5014,5020,5031)
(11529,838,5027,5016,5005)
(11530,854,5027,5016,5005)
(11531,1786,5051,5040,5029,5018,5012,5011)
(11532,867,5018,5029,5040,5051)
(11533,1787,5026,5032,5043,5054)
(11534,857,5055,5056,5057,5052,5041,5030,5025,5020)
(11535,858,5021,5032,5043,5048,5047,5052,5057,5056)
(11536,1788,5025,5030,5041,5052,5058)
(11537,357,5008,5019,5030,5041,5052)
(11538,359,5013,5019,5030,5041,5047)
(11539,360,5028,5039,5050)
(11540,840,5025,5030,5041,5052,5058)
(11541,842,5006,5012,5013,5019,5030,5041)
(11542,872,5027,5016,5005)
(11543,1789,5005,5016,5027)
(11544,898,5057,5052,5041,5030,5025,5020,5009)
(11545,902,5008,5014,5020,5031)
(11546,362,5044,5045,5046,5041,5030,5025,5020,5009)
(11547,778,5018,5029,5040,5051)
(11548,1790,5019,5030,5041,5047,5048,5054)
(11549,1791,5002,5008,5019,5030,5041,5052)
(11550,1484,5009,5020,5026,5032,5043)
(11551,798,5049,5038,5033,5028,5017)
(11552,364,5028,5017,5011,5005)
(11553,1162,5051,5040,5029,5018,5012,5011,5005)
(11554,1296,5038,5033,5028,5017,5006)
(11555,1878,5030,5041,5052)
(11556,832,5048,5047,5041,5030,5019,5013)
(11557,363,5006,5012,5013,5019,5030,5041,5052,5058)
(11558,823,5030,5041,5047,5048,5054)
(11559,361,5009,5020,5025,5030,5041,5052,5057,5056)
(11560,356,5056,5057,5052,5041,5030,5025,5020,5009)
(11561,355,5032,5026,5020,5014,5013,5012,5011,5005)
(11562,868,5027,5038,5044,5050)
(11563,352,5004,5009,5020,5025,5030,5041)
(11564,900,5050,5044,5038,5027)
(11565,1478,5021,5032,5043,5048,5047,5052,5057,5056)
(11566,343,5020,5026,5032,5043)
(11567,791,5041,5030,5019,5013,5012)
(11568,340,5046,5041,5030,5019,5008)
(11569,809,5031,5020,5014,5008,5002)
(11570,397,5020,5025,5030,5041,5052,5057)
(11571,1021,5057,5051,5040,5029,5023)
(11572,394,5007,5012,5017,5028,5039)
(11573,391,5011,5017,5028,5039,5050)
(11574,1482,5029,5023,5017,5006)
(11575,1477,5057,5052,5041,5030,5025,5020)
(11576,1442,5006,5017,5028)
(11577,1440,5009,5020,5026,5032)
(11578,1449,5020,5025,5030,5041,5052,5057,5056)
(11579,1063,5047,5041,5030,5025,5020,5009)
(11580,1043,5004,5009,5020,5025,5030,5041,5052,5057)
(11581,1445,5032,5021,5010)
(11582,382,5008,5019,5030)
(11583,1046,5012,5013,5019,5030,5041,5047,5048,5054)
(11584,1384,5032,5043,5054)
(11585,375,5002,5008,5019,5030,5041)
(11586,1454,5009,5020,5026,5032,5043)
(11587,371,5027,5038,5044,5050)
(11588,921,5051,5040,5029,5018,5012,5006)
(11589,335,5004,5009,5020,5025,5030,5041,5052,5057,5056)
(11590,926,5028,5017,5011,5005)
(11591,1450,5027,5038,5044,5050)
(11592,333,5052,5041,5030,5019,5013,5012,5011,5005)
(11593,297,5029,5040,5051,5057,5058)
(11594,295,5039,5028,5017,5006)
(11595,979,5022,5023,5029,5040,5051,5057,5058)
(11596,1446,5027,5016,5005)
(11597,986,5009,5020,5025,5030,5041,5047)
(11598,966,5005,5011,5012,5018,5029)
(11599,1439,5047,5041,5030,5019,5008,5002)
(11600,971,5012,5013,5019,5030,5041,5052,5058)
(11601,1436,5028,5017,5006)
(11602,281,5032,5026,5020,5014,5013,5012,5006)
(11603,1457,5023,5024,5030,5041,5047,5048,5054)
(11604,277,5032,5043,5054)
(11605,964,5004,5009,5020,5025,5030,5041,5046,5045,5044)
(11606,1477,5028,5017,5011,5005)
(11607,1475,5032,5043,5054)
(11608,960,5039,5028,5017)
(11609,1473,5055,5056,5057,5052,5041,5030,5025,5020,5009,5004)
(11610,1471,5023,5029,5040,5051,5057,5058)
(11611,1470,5030,5019,5008,5002)
(11612,1468,5047,5041,5030,5019,5008)
(11613,328,5030,5019,5008,5002)
(11614,991,5030,5041,5052)
(11615,1464,5021,5032,5043,5048,5047,5052)
(11616,1463,5055,5056,5057,5052,5041,5030,5019)
(11617,988,5058,5052,5041,5030,5019,5013,5012)
(11618,1432,5056,5057,5052,5041,5030,5025,5020,5009,5004)
(11619,317,5059,5054,5043,5032,5021,5010)
(11620,315,5038,5033,5028,5017,5006)
(11621,1404,5017,5028,5039,5050)
(11622,927,5006,5012,5013,5019,5030,5041,5047,5048)
(11623,1402,5013,5019,5030,5041,5047,5048)
(11624,308,5044,5045,5046,5041,5030,5019,5008)
(11625,307,5028,5017,5006)
(11626,1398,5031,5020,5014,5008,5002)
(11627,304,5058,5052,5041,5030,5025)
(11628,917,5029,5040,5051,5057,5058)
(11629,366,5019,5030,5041,5047,5048,5054)
(11630,912,5039,5028,5017,5011,5005)
(11631,402,5011,5012,5013,5019,5030,5041,5052,5058)
(11632,948,5006,5012,5013,5019,5030,5041,5047,5048)
(11633,945,5030,5041,5047,5048,5054)
(11634,1391,5023,5029,5040,5051)
(11635,1389,5020,5026,5032,5043,5054)
(11636,951,5049,5038,5033,5028,5017)
(11637,940,5056,5051,5040,5029,5018,5007)
(11638,1387,5032,5043,5054)
(11639,939,5032,5043,5054)
(11640,489,5040,5029,5023,5017)
(11641,1482,5032,5043,5054)
(11642,484,5025,5030,5041,5052,5058)
(11643,483,5010,5021,5032,5043,5048)
(11644,482,5027,5038,5049)
(11645,1429,5048,5047,5041,5030,5019,5013,5012)
(11646,1427,5029,5023,5017,5011,5005)
(11647,1048,5029,5040,5051,5057,5058)
(11648,473,5052,5041,5030,5019,5013,5012,5011,5005)
(11649,1420,5048,5047,5041,5030,5019)
(11650,1419,5050,5044,5038,5027)
(11651,1078,5032,5043,5054)
(11652,470,5002,5008,5019,5030,5041,5047,5048,5054)
(11653,1417,5057,5052,5041,5030,5025,5020,5009)
(11654,1083,5020,5025,5030,5041,5052)
(11655,1065,5044,5045,5046,5041,5030,5025,5020,5009)
(11656,1412,5047,5041,5030,5019)
(11657,533,5019,5030,5041,5047,5048,5054)
(11658,502,5052,5041,5030,5019,5013,5012)
(11659,1413,5021,5032,5043,5054,5059)
(11660,532,5057,5052,5047,5048,5043,5032,5021)
(11661,530,5045,5046,5041,5030,5025,5020,5009,5004)
(11662,1415,5005,5011,5012,5013,5019,5030,5041)
(11663,1416,5021,5032,5043,5048,5047,5052)
(11664,529,5026,5032,5043,5054)
(11665,1022,5047,5041,5030,5019,5013)
(11666,517,5023,5029,5040,5051)
(11667,1409,5052,5041,5030,5025,5020)
(11668,780,5027,5016,5005)
(11669,1393,5018,5029,5040)
(11670,768,5004,5009,5020,5025,5030,5041,5052,5057,5056,5055)
(11671,512,5013,5019,5030,5041,5052)
(11672,1395,5032,5043,5054)
(11673,510,5021,5032,5043,5054)
(11674,802,5032,5021,5010)
(11675,801,5052,5041,5030,5025,5020,5009,5004)
(11676,509,5017,5028,5039,5050)
(11677,1399,5043,5032,5026,5020)
(11678,822,5030,5019,5008)
(11679,1406,5052,5041,5030,5019)
(11680,1481,5008,5019,5030,5041,5052,5057)
(11681,1462,5006,5012,5013,5014,5020,5026,5032)
(11682,430,5024,5030,5041,5047,5048,5054)
(11683,427,5029,5023,5017,5011,5005)
(11684,426,5012,5013,5019,5030,5041,5047)
(11685,422,5018,5029,5040)
(11686,788,5058,5052,5041,5030,5019,5013,5012,5011,5005)
(11687,1475,5021,5032,5043)
(11688,785,5021,5032,5043,5048,5047,5052,5057)
(11689,1459,5010,5021,5032)
(11690,1458,5004,5009,5020,5025,5030,5041,5052)
(11691,1385,5031,5020,5014,5013,5012,5011,5005)
(11692,871,5041,5030,5019,5013,5012,5006)
(11693,835,5017,5028,5033,5038,5049)
(11694,1441,5045,5046,5041,5030,5025,5020,5009,5004)
(11695,834,5022,5023,5029,5040,5051,5057,5058)
(11696,1441,5019,5030,5041,5052)
(11697,885,5023,5024,5030,5041,5047,5048,5054)
(11698,412,5005,5011,5012,5018,5029)
(11699,1456,5029,5040,5051)
(11700,463,5008,5019,5030,5041,5052,5057,5056,5055)
(11701,459,5021,5032,5043,5048,5047,5052,5057,5056)
(11702,458,5025,5030,5041,5052,5058)
(11703,455,5057,5052,5047,5048,5043,5032,5021)
(11704,866,5049,5038,5027)
(11705,864,5046,5041,5030,5019,5008)
(11706,1382,5023,5029,5040,5051,5057)
(11707,1383,5024,5030,5041,5047,5048,5054)
(11708,1384,5005,5016,5027,5038,5049)
(11709,447,5044,5045,5046,5041,5030,5019,5008)
(11710,1459,5052,5041,5030,5025,5020,5009)
(11711,446,5027,5016,5005)
(11712,1461,5050,5039,5028,5017,5006)
(11713,1463,5013,5019,5030,5041,5052,5058)
(11714,1465,5008,5019,5030,5041,5046)
(11715,1466,5005,5011,5012,5013,5019,5030,5041,5052,5058)
(11716,1471,5051,5040,5029,5018)
(11717,269,5043,5032,5021,5010)
(11718,1475,5019,5030,5041,5047,5048)
(11719,94,5032,5043,5054)
(11720,1472,5011,5012,5013,5019,5030,5041,5047,5048)
(11721,1468,5021,5032,5043,5048,5047,5052,5057,5056)
(11722,1377,5041,5030,5019,5013)
(11723,1407,5044,5045,5046,5041,5030,5025,5020,5009,5004)
(11724,1428,5006,5012,5013,5019,5030)
(11725,77,5052,5041,5030,5019,5013)
(11726,1413,5032,5026,5020,5014,5008)
(11727,74,5059,5054,5043,5032,5021,5010)
(11728,1308,5032,5026,5020,5014,5013,5012,5011,5005)
(11729,98,5002,5008,5019,5030)
(11730,129,5026,5032,5043,5054)
(11731,1483,5031,5020,5014,5008,5002)
(11732,126,5054,5043,5032,5021,5010)
(11733,125,5051,5040,5029,5023)
(11734,124,5051,5040,5029,5018,5012,5011)
(11735,1451,5024,5030,5041,5047,5048,5054)
(11736,1444,5027,5016,5005)
(11737,1446,5026,5032,5043,5054)
(11738,1439,5023,5029,5040,5051,5057,5058)
(11739,1429,5032,5026,5020,5009)
(11740,121,5011,5012,5013,5019,5030,5041,5047,5048,5054)
(11741,120,5038,5033,5028,5017,5006)
(11742,115,5032,5021,5010)
(11743,113,5028,5017,5006)
(11744,1425,5028,5017,5011,5005)
(11745,112,5012,5013,5019,5030,5041,5047,5048)
(11746,111,5005,5011,5017,5028,5039)
(11747,1448,5005,5011,5012,5013,5019,5030)
(11748,109,5005,5011,5012,5013,5019,5030,5041,5052)
(11749,1444,5030,5041,5047,5048,5054)
(11750,103,5025,5030,5041,5052,5058)
(11751,1334,5020,5026,5032,5043,5054)
(11752,1461,5013,5019,5030,5041,5052)
(11753,1460,5028,5017,5011,5005)
(11754,1434,5005,5011,5017,5028,5039,5050)
(11755,1307,5020,5025,5030,5041,5047)
(11756,1297,5032,5026,5020,5014,5008)
(11757,17,5004,5009,5020,5025,5030,5041,5046,5045,5044)
(11758,14,5030,5019,5013,5012,5006)
(11759,12,5047,5041,5030,5019,5013,5012)
(11760,1407,5047,5041,5030,5025,5020)
(11761,1397,5019,5030,5041,5047,5048)
(11762,1318,5058,5052,5041,5030,5019)
(11763,1416,5052,5041,5030,5019,5013,5012,5011)
(11764,5,5030,5041,5047,5048,5054)
(11765,1420,5048,5047,5041,5030,5019,5013,5012,5006)
(11766,1423,5028,5017,5006)
(11767,4,5004,5009,5020,5025,5030,5041,5046,5045,5044)
(11768,34,5005,5011,5012,5013,5014,5020,5026,5032)
(11769,1430,5051,5040,5029,5018,5007)
(11770,1431,5027,5038,5049)
(11771,1428,5004,5009,5020,5025,5030,5041,5046,5045)
(11772,1425,5017,5028,5033,5038,5049)
(11773,1422,5009,5020,5025,5030,5041,5047)
(11774,61,5008,5019,5030,5041,5052,5057,5056,5055)
(11775,1372,5030,5019,5013,5012,5006)
(11776,1418,5023,5024,5030,5041,5047,5048,5054)
(11777,56,5031,5020,5014,5013,5012,5011,5005)
(11778,1411,5052,5041,5030,5019,5008,5002)
(11779,55,5018,5029,5040,5051,5056,5055)
(11780,50,5058,5052,5041,5030)
(11781,49,5008,5014,5020,5031)
(11782,1155,5048,5047,5041,5030,5019,5013,5012,5011,5005)
(11783,1414,5029,5040,5051,5057,5058)
(11784,45,5032,5043,5054)
(11785,42,5026,5032,5043,5054)
(11786,41,5054,5048,5047,5041,5030,5019,5008)
(11787,1146,5023,5029,5040,5051)
(11788,1144,5030,5019,5008,5002)
(11789,1143,5028,5017,5011,5005)
(11790,1141,5028,5017,5006)
(11791,535,5043,5032,5021,5010)
(11792,1426,5012,5013,5019,5030,5041,5052,5058)
(11793,36,5004,5009,5020,5025,5030,5041,5052)
(11794,134,5019,5030,5041,5052,5057,5056)
(11795,1430,5005,5011,5017,5028,5039,5050)
(11796,135,5040,5029,5023,5017)
(11797,1396,5030,5019,5008,5002)
(11798,1172,5052,5041,5030,5019,5013,5012,5006)
(11799,229,5030,5041,5047,5048,5054)
(11800,1167,5040,5029,5018,5007)
(11801,228,5045,5046,5041,5030,5025,5020,5009,5004)
(11802,1392,5031,5020,5014,5008)
(11803,1136,5009,5020,5025,5030,5041,5052,5057,5056,5055)
(11804,221,5013,5019,5030,5041)
(11805,1104,5040,5029,5023,5017,5006)
(11806,1095,5021,5032,5043,5048,5047,5052)
(11807,1091,5041,5030,5025,5020,5009,5004)
(11808,208,5032,5026,5020,5014,5008,5002)
(11809,1407,5041,5030,5019,5008,5002)
(11810,1123,5008,5019,5030,5041,5052,5057,5056,5055)
(11811,262,5012,5013,5019,5030,5041,5047,5048,5054)
(11812,260,5058,5052,5041,5030,5019,5008,5002)
(11813,1131,5004,5009,5020,5025,5030,5041,5046,5045)
(11814,1463,5025,5030,5041,5052,5058)
(11815,257,5039,5028,5017,5011)
(11816,1466,5048,5047,5041,5030,5019,5008,5002)
(11817,1135,5030,5041,5052,5058)
(11818,1467,5023,5029,5040,5051)
(11819,1114,5026,5032,5043,5054)
(11820,1478,5041,5030,5019,5013,5012,5011)
(11821,1479,5031,5020,5014,5013,5012,5006)
(11822,1113,5030,5041,5052,5058)
(11823,1480,5020,5025,5030,5041,5052,5057,5056,5055)
(11824,249,5028,5039,5050)
(11825,1190,5021,5032,5043)
(11826,1264,5056,5057,5052,5041,5030,5025,5020,5009,5004)
(11827,245,5051,5040,5029,5018)
(11828,1437,5048,5047,5041,5030,5019,5013,5012)
(11829,244,5039,5028,5017)
(11830,1440,5050,5044,5038,5027)
(11831,238,5030,5041,5047,5048,5054)
(11832,237,5008,5019,5030,5041)
(11833,201,5054,5048,5047,5041,5030,5019,5013,5012,5011,5005)
(11834,1447,5021,5032,5043,5048,5047,5052,5057)
(11835,166,5005,5011,5012,5018,5029)
(11836,1246,5011,5012,5013,5019,5030,5041)
(11837,1245,5032,5043,5054)
(11838,1449,5012,5013,5019,5030,5041,5047,5048)
(11839,1453,5028,5017,5006)
(11840,160,5054,5048,5047,5041,5030,5019,5013)
(11841,1455,5041,5030,5025,5020,5009)
(11842,157,5009,5020,5025,5030,5041,5052,5058)
(11843,1433,5028,5017,5011,5005)
(11844,1283,5031,5020,5009)
(11845,1438,5028,5039,5050)
(11846,1447,5030,5041,5052)
(11847,1280,5031,5020,5014,5008,5002)
(11848,154,5021,5032,5043,5054)
(11849,1278,5043,5032,5021,5010)
(11850,152,5007,5018,5029,5040)
(11851,151,5032,5043,5054)
(11852,149,5032,5043,5054)
(11853,1480,5057,5052,5041,5030,5025,5020,5009,5004)
(11854,1294,5022,5023,5029,5040,5051,5057)
(11855,1371,5052,5041,5030,5019,5013,5012,5006)
(11856,1372,5027,5038,5049)
(11857,1373,5031,5020,5014,5013,5012,5006)
(11858,143,5018,5029,5040)
(11859,1375,5021,5032,5043,5048,5047,5052)
(11860,1205,5032,5043,5054)
(11861,140,5056,5057,5052,5041,5030,5019,5008)
(11862,1376,5010,5021,5032,5043,5054,5059)
(11863,1379,5031,5020,5014,5013,5012,5006)
(11864,198,5022,5023,5029,5040,5051,5057)
(11865,168,5005,5011,5012,5013,5019,5030,5041)
(11866,1479,5030,5019,5008)
(11867,1455,5027,5038,5049)
(11868,1458,5041,5030,5019)
(11869,1202,5002,5008,5019,5030,5041)
(11870,1217,5039,5028,5017)
(11871,1462,5043,5032,5021,5010)
(11872,184,5058,5052,5041,5030,5019,5013,5012,5006)
(11873,1235,5032,5043,5054)
(11874,1229,5005,5011,5012,5018,5029)
(11875,176,5017,5023,5029,5040,5051)
(11876,1226,5047,5041,5030,5019,5013,5012,5006)
(11877,1469,5019,5030,5041,5052,5057,5056,5055)
(11878,1470,5031,5020,5014,5008,5002)
(11879,171,5009,5020,5031)
(11880,1473,5052,5041,5030,5019,5008,5002)
(11881,746,5027,5016,5005)
(11882,1232,5006,5012,5013,5019,5030)
(11883,1236,5047,5041,5030,5019,5013,5012,5011,5005)
(11884,715,5048,5047,5041,5030,5019,5008)
(11885,723,5032,5026,5020,5009)
(11886,712,5030,5019,5013,5012,5011,5005)
(11887,1240,5051,5040,5029,5018,5007)
(11888,725,5031,5020,5014,5013,5012,5011,5005)
(11889,1194,5054,5048,5047,5041,5030)
(11890,1476,5030,5019,5013,5012,5006)
(11891,1196,5054,5048,5047,5041,5030,5019,5013,5012,5011,5005)
(11892,1381,5031,5020,5014,5013,5012,5006)
(11893,1203,5032,5026,5020,5014,5008)
(11894,734,5010,5021,5032,5043)
(11895,731,5021,5032,5043,5054,5059)
(11896,1374,5020,5026,5032,5043,5054)
(11897,1370,5051,5040,5029,5018,5012,5011)
(11898,733,5008,5019,5030,5041,5052,5057,5056,5055)
(11899,740,5032,5026,5020,5014,5013,5012,5011,5005)
(11900,1443,5043,5032,5026,5020,5009)
(11901,1450,5047,5041,5030,5019,5008,5002)
(11902,1250,5051,5040,5029,5018,5012,5006)
(11903,748,5006,5012,5013,5019,5030,5041,5047,5048,5054)
(11904,1443,5009,5020,5025,5030,5041,5046)
(11905,1442,5052,5047,5048,5043,5032,5021)
(11906,754,5005,5011,5012,5013,5019,5030,5041,5052)
(11907,751,5032,5043,5054)
(11908,1261,5032,5026,5020,5014,5013,5012,5006)
(11909,1438,5020,5025,5030,5041,5052)
(11910,1476,5027,5016,5005)
(11911,1474,5018,5029,5040)
(11912,1130,5029,5018,5007)
(11913,1405,5020,5026,5032,5043)
(11914,612,5019,5030,5041,5047,5048,5054)
(11915,1403,5030,5019,5008)
(11916,618,5048,5047,5041,5030,5019,5013,5012)
(11917,1401,5046,5041,5030,5019,5008)
(11918,605,5006,5017,5028,5033,5038)
(11919,1098,5032,5026,5020,5014,5013,5012,5006)
(11920,602,5009,5020,5025,5030,5041)
(11921,1106,5046,5041,5030,5025,5020,5009)
(11922,576,5038,5033,5028,5017,5006)
(11923,1138,5002,5008,5014,5020,5031)
(11924,1388,5022,5023,5029,5040,5051)
(11925,545,5032,5043,5054)
(11926,1184,5019,5030,5041,5052,5058)
(11927,1148,5058,5052,5041,5030,5025)
(11928,1453,5043,5032,5026,5020)
(11929,1418,5032,5043,5054)
(11930,1374,5024,5030,5041,5047,5048,5054)
(11931,1421,5020,5026,5032,5043,5054)
(11932,1424,5030,5019,5008)
(11933,1370,5029,5040,5051)
(11934,1322,5056,5050,5044,5038,5027)
(11935,1304,5012,5013,5019,5030,5041,5047,5048)
(11936,672,5028,5017,5011,5005)
(11937,1435,5009,5020,5026,5032,5043)
(11938,700,5031,5020,5014,5013,5012,5006)
(11939,1469,5027,5038,5049)
(11940,1364,5031,5020,5014,5008,5002)
(11941,698,5049,5038,5027,5016,5005)
(11942,696,5009,5020,5025,5030,5041,5052,5057,5056)
(11943,1445,5051,5040,5029,5018,5012,5011,5005)
(11944,1317,5028,5017,5011,5005)
(11945,1305,5008,5019,5030)
(11946,1367,5032,5021,5010)
(11947,1386,5019,5030,5041,5047,5048,5054)
(11948,1452,5029,5040,5051)
(11949,1448,5005,5011,5017,5028,5039,5050)
(11950,633,5047,5041,5030,5019,5008,5002)
(11951,1342,5029,5040,5051,5057,5058)
(11952,1485,5020,5025,5030,5041,5047)
(11953,1373,5032,5026,5020,5014,5008)
(11954,1380,5004,5009,5020,5025,5030,5041,5052,5057)
(11955,639,5032,5026,5020,5014,5008)
(11956,1460,5054,5048,5047,5041,5030,5024,5023)
(11957,1464,5029,5040,5051)
(11958,660,5020,5026,5032,5043,5054)
(11959,652,5006,5012,5018,5029)
(11960,1474,5021,5032,5043)
(11961,644,5056,5057,5052,5041,5030,5019)
(11962,643,5008,5019,5030,5041,5047)
(11963,703,5057,5052,5041,5030,5019)
(11964,1410,5010,5021,5032,5043,5048)
(11965,647,5012,5013,5019,5030,5041,5047)
(11966,889,5011,5012,5013,5019,5030,5041,5047,5048)
(11967,656,5019,5030,5041,5047,5048)
(11968,658,5041,5030,5025,5020,5009,5004)
(11969,659,5054,5048,5047,5041,5030,5019,5013,5012,5011,5005)
(11970,1457,5019,5030,5041,5052)
(11971,870,5019,5030,5041)
(11972,628,5054,5043,5032,5026,5020)
(11973,850,5058,5052,5041,5030)
(11974,686,5030,5019,5013,5012,5011,5005)
(11975,1452,5020,5026,5032,5043)
(11976,1452,5032,5021,5010)
(11977,891,5056,5057,5052,5047,5048,5043,5032,5021)
(11978,1451,5006,5017,5028,5033,5038,5049)
(11979,880,5030,5041,5052)
(11980,782,5045,5040,5029,5018,5007)
(11981,777,5054,5048,5047,5041,5030,5019)
(11982,767,5032,5026,5020,5014,5008)
(11983,765,5027,5016,5005)
(11984,769,5018,5029,5040,5051)
(11985,1465,5047,5041,5030,5019,5008,5002)
(11986,817,5025,5030,5041,5052,5058)
(11987,666,5046,5041,5030,5025,5020,5009,5004)
(11988,1400,5009,5020,5026,5032,5043,5054)
(11989,681,5045,5046,5041,5030,5025,5020,5009)
(11990,1394,5025,5030,5041,5052,5058)
(11991,674,5027,5016,5005)
(11992,910,5032,5043,5054)
(11993,1423,5023,5024,5030,5041,5047,5048,5054)
(11994,1003,5011,5017,5028,5039,5050)
(11995,1013,5008,5019,5030,5041,5046,5045)
(11996,553,5048,5047,5041,5030,5019,5013,5012)
(11997,1424,5013,5019,5030,5041,5047,5048)
(11998,1430,5019,5030,5041)
(11999,547,5024,5030,5041,5047,5048,5054)
(12000,1408,5047,5041,5030,5019,5013,5012,5006)
(12001,549,5030,5041,5047,5048,5054)
(12002,936,5018,5029,5040,5051,5056,5055)
(12003,942,5030,5041,5052,5058)
(12004,552,5028,5017,5006)
(12005,1390,5007,5012,5017,5028,5033,5038)
(12006,947,5019,5030,5041,5047,5048,5054)
(12007,950,5021,5032,5043,5054)
(12008,1396,5006,5012,5018,5029,5040,5051)
(12009,601,5048,5047,5041,5030,5019,5013)
(12010,604,5031,5020,5009)
(12011,616,5055,5056,5057,5052,5041,5030,5019,5008)
(12012,581,5058,5052,5041,5030,5025,5020,5009)
(12013,985,5030,5041,5047,5048,5054)
(12014,1472,5005,5011,5012,5013,5019,5030)
(12015,959,5055,5056,5057,5052,5041,5030,5025,5020,5009,5004)
(12016,973,5054,5048,5047,5041,5030,5024,5023)
(12017,956,5058,5057,5051,5040,5029)
(12018,992,5031,5020,5009)
(12019,989,5029,5023,5017,5011,5005)
(12020,759,5022,5023,5029,5040,5051,5057,5058)
(12021,978,5029,5023,5017,5006)
(12022,711,5055,5056,5057,5052,5041,5030,5019,5008)
(12023,705,5032,5026,5020,5014,5008,5002)
(12024,744,5045,5046,5041,5030,5025,5020,5009)
(12025,1058,5020,5025,5030,5041,5052,5058)
(12026,1441,5005,5011,5017,5028,5039,5050)
(12027,1454,5006,5017,5028,5039)
(12028,1481,5054,5048,5047,5041,5030,5019,5013,5012,5011)
(12029,1005,5049,5038,5033,5028,5017,5006)
(12030,1484,5006,5012,5013,5019,5030,5041,5047)
(12031,911,5024,5030,5041,5047,5048,5054)
(12032,1377,5031,5020,5014,5013,5012,5006)
(12033,1378,5005,5011,5017,5028,5039,5050)
(12034,745,5018,5029,5040,5051,5056)
(12035,741,5029,5023,5017,5006)
(12036,1456,5023,5029,5040,5051)
(12037,704,5056,5057,5052,5041,5030,5025,5020,5009,5004)
(12038,707,5020,5025,5030,5041,5052,5058)
(12039,756,5031,5020,5014,5013,5012,5006)
(12040,1467,5019,5030,5041,5052,5058)
(12041,837,5029,5040,5051,5057)
(12042,893,5028,5017,5011,5005)
(12043,787,5009,5020,5025,5030,5041,5052,5057)
(12044,830,5052,5041,5030,5019,5013,5012,5006)
(12045,810,5019,5030,5041,5052)
(12046,89,5005,5011,5012,5018,5029,5040)
(12047,1935,5028,5017,5011,5005)
